s3://20-gb-synth-data/20_gb_synth
[[25, 2, 1], 145.155993908]
[[25, 2, 1], 154.74692174]
[[25, 2, 1], 148.123055219]
[[25, 2, 1], 139.058887822]
[[25, 2, 1], 138.15282799]
[[25, 2, 1], 147.968506732]
[[25, 2, 1], 150.759057655]
[[25, 2, 1], 156.476899163]
[[25, 2, 1], 137.260291662]
[[25, 2, 1], 152.719326801]
[[25, 2, 1], 157.863103591]
[[25, 2, 1], 144.346164458]
[[25, 2, 1], 151.858748794]
[[25, 2, 1], 142.069256509]
[[25, 2, 1], 155.532291546]
[[25, 2, 1], 133.929437778]
[[25, 2, 1], 154.375395807]
[[25, 2, 1], 151.492705902]
[[25, 2, 1], 142.052054299]
[[25, 2, 1], 143.914747949]
[[25, 2, 1], 153.295836292]
[[25, 2, 1], 133.008981647]
[[25, 2, 1], 157.196978263]
[[25, 2, 1], 150.49334147]
[[25, 2, 1], 153.821565485]
[[25, 2, 1], 152.939472203]
[[25, 2, 1], 139.299553809]
[[25, 2, 1], 136.291344307]
[[25, 2, 1], 131.026454884]
[[25, 2, 1], 138.464736118]
