[0.30687324599999993, 0.3015367579999999, 0.300066182, 0.30346622, 0.3001009659999996, 0.30813972599999995, 0.2943961059999999, 0.3059751379999999, 0.30350076199999976, 0.3057308380000001, 0.30468410400000023, 0.30251119599999965, 0.3072722459999998, 0.30682764199999973, 0.30149254800000014, 0.2994484859999998, 0.30345330999999964, 0.302446552, 0.30315924000000016, 0.302262136, 0.3061415419999999, 0.3012093720000001, 0.2982509060000001, 0.30850565200000024, 0.30066585999999995, 0.3023245680000002, 0.30812513399999997, 0.3013369519999999, 0.3033720919999999, 0.299238994]
[0.3894704333333333, 0.37375716666666675, 0.3793965666666666, 0.3879237666666667, 0.3785877333333333, 0.38209590000000004, 0.3727718, 0.38447163333333345, 0.37761253333333333, 0.38506779999999996, 0.37459269999999995, 0.3861992666666666, 0.38324566666666654, 0.3919475, 0.3856703666666667, 0.38141153333333316, 0.38394136666666673, 0.3811432999999999, 0.38061776666666675, 0.3863907, 0.3845053333333334, 0.3693498999999999, 0.3856467333333333, 0.38365566666666673, 0.38362683333333336, 0.37663886666666674, 0.3998730333333334, 0.38659456666666664, 0.3874432666666668, 0.37766019999999995]
[0.30160108510638306, 0.29692694468085085, 0.295002540425532, 0.2980753127659574, 0.29509117234042515, 0.303419119148936, 0.2893934021276594, 0.3009647234042553, 0.29877022340425524, 0.30066677659574476, 0.30022185319148936, 0.2971694042553188, 0.3024228787234042, 0.30139445957446803, 0.2961194957446807, 0.2942168021276594, 0.2983157744680848, 0.297423355319149, 0.2982150787234044, 0.29689222765957446, 0.3011395978723405, 0.29685997659574453, 0.29267244893617034, 0.3037088425531916, 0.29537047872340416, 0.2975811021276598, 0.3022688851063829, 0.2958949765957445, 0.29800584680851055, 0.2942333851063832]
[0.04179517527559234, 0.03355513473379948, 0.035850967949232225, 0.03897573559125728, 0.03618508223603816, 0.04203591662808034, 0.03569066470732597, 0.0383400681030558, 0.03575868939132635, 0.04326149137230193, 0.03668100157838092, 0.03508273515696264, 0.033023674506836506, 0.03672338405514714, 0.03623440144872955, 0.03637490110026145, 0.03522057435604792, 0.03375512019488743, 0.03797880879867613, 0.03692872344067017, 0.03451285035502334, 0.03460286370787276, 0.045964119513346086, 0.03803227672005575, 0.03480121138897893, 0.03867921985311205, 0.04316834287030306, 0.03678524161325701, 0.036624895639599246, 0.03527772522674845]
[0.04860642665442732, 0.05295025656222598, 0.04027286808649493, 0.06772496212854033, 0.046642677694670245, 0.05246446191366113, 0.05177629733214483, 0.04916864191500061, 0.05435804318634814, 0.05897548525525951, 0.05004708849350446, 0.040908347469217364, 0.04820853775928999, 0.056066226400421616, 0.05080122900579168, 0.055757004314395835, 0.054003151204032124, 0.04838183968470677, 0.08147261018758935, 0.05556850212974372, 0.045111708849871285, 0.04710888239836871, 0.1190500480758501, 0.04969817085791209, 0.050198871019232656, 0.049864263049959494, 0.09856734732607392, 0.047004501900479945, 0.06334993772053414, 0.056250336209602646]
[0.03527424370178875, 0.025781419274459087, 0.028921703452256774, 0.028964485514748773, 0.028909714632600288, 0.036506325293760924, 0.02769296057442379, 0.03148129325231715, 0.02826183541853853, 0.036627842521239615, 0.03065358130078039, 0.026962236939175464, 0.024897583217931063, 0.027240651633750324, 0.027401547902444878, 0.027440420282922057, 0.02633657327893657, 0.02534130324923114, 0.026520872892316312, 0.02780433977547928, 0.02683800015589986, 0.028580481165073345, 0.028709690992811326, 0.03158540063088497, 0.02569499351365102, 0.032524753668457286, 0.028119728341345237, 0.02837099895063441, 0.026284927467672192, 0.02654033444991594]
0.30308381579999993
0.38271032999999993
0.29800127234042556
0.03726336658376355
0.05634529082617836
0.028742341448181562
