0.0927167386241
0.0396296159965
0.0422496181161
0.0275776778862
0.0245546676699
0.0266112180309
0.0404778182609
0.0383037449437
0.0293709632516
0.0232198546664
0.0238590900931
0.0392637214314
0.0341978388164
0.0269011931298
0.0182752513557
0.0230802243789
0.0300153893973
0.0408355700272
0.0383572818054
0.0280491188334
0.0182290638792
0.0137120555004
0.0249236067754
0.0331820141918
0.0265081599461
0.0335825740969
0.0619337692594
0.0253166302161
0.0388381894083
0.111713060716
0.0347494181708
0.0234901614388
0.0187456879289
0.0228702033137
0.0240633773603
0.0745204565681
0.0238300464486
0.0655365070502
0.023281986958
0.0216406504005
0.0197514508859
0.0385653226072
0.0937093890211
0.0256104951416
0.0320397285736
0.0180032890558
0.117978910357
0.0282930785817
0.0268353207641
0.0239480040357
0.0237039233261
0.0312646831333
0.0240500328792
0.0562991077721
0.0321973682725
0.0295239894521
0.0169728666492
0.0179287865842
0.0307380868628
0.0231483317964
0.0274144512797
0.0294797632231
0.0394999071133
0.0259838678818
0.0249531078587
0.0152318056998
0.0330722049376
0.0208263957505
0.0310841047587
0.0314596709675
0.0248797284021
0.0284377146386
0.0204501917931
0.0255956719242
0.0255600678077
0.0354694225178
0.0245762015679
0.0201452871966
0.0249227214776
0.0175652760957
0.0202684702212
0.0281318261796
0.0276085015416
0.0309931464431
0.0230947046187
0.0307477264576
0.0243616451083
0.0174607830716
0.0221549373857
0.0279596352178
0.0308571606132
0.0388996639786
0.0218369083165
0.0275547023596
0.024352899798
0.0206951342812
0.0330388608826
0.0291182015676
0.0337080751796
0.0247329847865
0.0151923277885
0.017899522818
0.0230995705111
0.0230806823205
0.0235533380556
0.0294603963862
0.0391064360072
0.0350250441899
0.0203291837083
0.0284898198681
0.0344264958251
0.0222191347048
0.0174691368742
0.029797896936
0.0298525948058
0.0255741851714
0.0157552215191
0.0200297011322
0.0288002383714
0.0253779207028
0.0264396045677
0.028669906007
0.0233312646803
0.02069735327
0.0252317376261
0.0203763975961
0.0255827738377
0.0256908210492
0.0285651478255
0.0243160429524
0.0267694921387
0.0226875556913
0.0192952942227
0.0177287909445
0.0253010202856
0.025596091015
0.0233118156303
0.0274993521576
0.0307616721342
0.0200127733756
0.0222076411927
0.0146522886243
0.0247817333367
0.0238012878275
0.0240052288401
0.0276145331396
0.0212243373162
0.0225748349247
0.0233749651076
0.0241912310194
0.0232312474099
0.0209747901999
0.0206665627659
0.0225483322085
0.0260538769621
0.0251079282458
0.0199176183673
0.0215251897369
0.0221513318605
0.0230016795015
0.0193512855555
0.0253100822594
0.0298551502493
0.0254884580908
0.0214204344988
0.0268788272116
0.0291884566442
0.024744297534
0.0211324609167
0.0176160677478
0.0292018546809
0.0262834636636
0.0255195325593
0.0195758254222
0.0237851984399
0.0272613772665
0.0221785075523
0.0216231016995
0.0141518038436
0.0348319003027
0.0241733868496
0.0349500011535
0.0233323578745
0.0173411693257
0.0211141754959
0.0191513106575
0.0243463475771
0.0283573130449
0.0312942023762
0.0179839973263
0.0307751776363
0.0184010493398
0.0187189203737
0.0299181026668
0.0203446660326
0.0237234295539
0.0216152685058
0.032703547125
0.0262327375093
0.0310087443017
0.0143661595436
0.0184135809175
0.0217821401892
0.0214452683417
0.0177790988278
0.0188360868225
0.0212121189188
0.0258261740601
0.0258371927186
0.0221583428398
0.0212997048097
0.0216857906838
0.0226540206111
0.0257121443271
0.0162862320907
0.0221481525952
0.0221204201512
0.0168526345642
0.0238477191658
0.0183370028106
0.0199083676333
0.0250186265673
0.0269699550916
0.0197760186163
0.017994857054
0.0234171182951
0.0234828095274
0.026291002813
0.0239083556729
0.0172478208458
0.0216239492898
0.0184214123009
0.0226048771721
0.0163012619919
0.0222457744969
0.0311687444552
0.0287648869987
0.021373419559
0.0230361354437
0.018436245212
0.0244763279489
0.0213004311805
0.0159209633892
0.0336541332094
0.020290604512
0.021764139064
0.0224743799231
0.0229639360139
0.0257672740015
0.0130786558248
0.0220048806595
0.0179436763739
0.0198174269533
0.0284097900205
0.022532317631
0.0234563610533
0.0291469207523
0.023415143969
0.0158046090829
0.0258107029701
0.0215404048061
0.0208659190431
0.0159754952044
0.0234182942873
0.0299341292126
0.0251185279789
0.0216827148465
0.0216471189992
0.0156579802837
0.0161107121169
0.0205070507671
0.0180716944713
0.0181086375916
0.0213008485595
0.0282615146346
0.0266022093703
0.025583188559
0.0239747450841
0.020541279568
0.0191900424695
0.0227861378812
0.0255422148856
0.0179125277086
0.0187484567709
0.026894573258
0.0238361325239
0.0216989645674
0.0230355862681
0.0215318993474
0.0146244217603
0.0244371122936
0.0226996707578
0.0199428882823
0.0191487763014
0.0277905417633
0.0263633642577
0.0269727291905
0.0258809077259
0.0209037894098
0.0211496443429
0.0213870715981
0.0197220065611
0.0225956011865
0.0198239023191
0.0198659833612
0.0249307528929
0.0293568989118
0.0248633050411
0.0198767968015
0.0193871678487
0.0179692156488
0.0197079375162
0.0192218747589
0.0197784028124
0.0187198119964
0.0299159979063
0.0242586164122
0.0363688533098
0.0228911626065
0.0309487440143
0.0178751816203
0.0191407916345
0.0183320616365
0.0204467113924
0.0185061538516
0.0214378264094
0.0253801594724
0.0220978944311
0.0212267845346
0.0255375798218
0.0223394978151
0.0218869202518
0.0139066606763
0.0212274026932
0.0166379189277
0.0170999193759
0.0310743702172
0.0258594314355
0.0305267999026
0.0204496281559
0.0238974410871
0.0232726738052
0.0183363827581
0.0182425638667
0.0199864168563
0.0228160898694
0.0189723182305
0.0130967548503
0.0231925510552
0.0240184811481
0.0205124159984
0.0273825329284
0.0258012617863
0.0150059842017
0.018596155115
0.0244107699682
0.0194140343945
0.0171677026001
0.027351366314
0.0235487158415
0.0258159347147
0.0291181985678
0.0250422637674
0.0251133599541
0.0246000905235
0.0194919435288
0.0184790289855
0.0180214678508
0.0269469181827
0.0278263739798
0.0199488238408
0.0161451857236
0.0214068710108
0.0287865079303
0.0331982993825
0.0242039642907
0.0234080095561
0.0164319463849
0.0237617183724
0.0141983499026
0.0250308863438
0.0188928230848
0.022311813331
0.0222494986945
0.0228555759923
0.0224412825189
0.0266082887198
0.0258155680499
0.0188350288666
0.0217620866934
0.0120527659998
0.0201880263816
0.0230622458606
0.0202683275931
0.0208593406327
0.0211073171637
0.0202316169842
0.0273630929058
0.0234054810239
0.0210691021051
0.0232743575134
0.0249847295669
0.019432178363
0.0424818320617
0.0227346795926
0.0228220297711
0.0262636487768
0.020796271003
0.0273539022502
0.0237193477281
0.0211525257931
0.02449228253
0.0205742328261
0.0323520752251
0.0257580872006
0.0237006910553
0.0222263673009
0.0219459398895
0.018584315479
0.0226859268379
0.0221199162109
0.0212168521412
0.0236096893208
0.0257817324894
0.0263172801965
0.0268397329984
0.0199319124069
0.0184047024384
0.0210104222279
0.0256831241134
0.0204925087182
0.0286910445172
0.0226210405083
0.0207616360761
0.0182218712147
0.0183220276373
0.0259173723066
0.0227607733266
0.0233147183734
0.0188020817863
0.0171021557096
0.0181318344082
0.0214319331318
0.0275883757109
0.0179107520622
0.0233628348552
0.021050409748
0.0499173220409
0.030770093225
0.0231493899778
0.0286337140145
0.0235504435775
0.0261496489239
0.0204792371149
0.0288304969722
0.0288536569005
0.0219654986998
0.0193403624973
0.0202232837765
0.0187578113185
0.0165551715278
0.0187560938484
0.0369306141885
0.0280190006988
0.0192223340999
0.0198334116695
0.0273772186942
0.0278070937692
0.0241261286685
0.022547422492
0.0204503954539
0.0186090008182
0.0246967561897
0.0231940373972
0.0216946184915
0.0216747331939
0.0178959981387
0.0294895311078
0.0197071654122
0.0146917485815
0.0317408264036
0.0256402471665
0.0151383796829
0.0342334080101
0.0220745408554
0.0264782516947
0.0212720343963
0.023949758426
0.0315841183276
0.0201479002842
0.0262289099982
0.0278216129955
0.0213979667853
0.0267368406677
0.0238947327077
0.0209266299283
0.0199356501955
0.0182819685405
0.0221781799192
0.0217620314361
