[[1, 0.462541], [2, 0.510981], [4, 0.488908], [5, 0.471892], [10, 0.455297], [38, 0.433979], [63, 0.456727], [92, 0.494512], [108, 0.454487], [448, 0.542819]]
[[2, 0.444433], [3, 0.559873], [7, 0.414699], [8, 0.470503], [9, 0.432723], [14, 0.428569]]
[[1, 0.451831], [2, 0.458366], [3, 0.465109], [7, 0.431531], [8, 0.423631], [19, 0.434617], [26, 0.428849], [32, 0.410261], [38, 0.413418]]
[[1, 0.454321], [2, 0.499073], [3, 0.448761], [8, 0.436658], [13, 0.441493], [27, 0.666101]]
[[1, 0.475295], [2, 0.517965], [4, 0.411839], [5, 0.411991], [7, 0.461769], [13, 0.417448], [25, 0.418594], [31, 0.441432], [86, 0.419809], [107, 0.428435]]
[[1, 0.492164], [2, 0.534686], [3, 0.442423], [13, 0.476342], [43, 0.836249]]
[[1, 0.505618], [2, 0.494213], [3, 0.444491], [4, 0.445494], [7, 0.460767], [12, 0.417531], [362, 0.406328]]
[[1, 0.460332], [2, 0.502065], [3, 0.458205], [7, 0.495973], [9, 0.444659], [12, 0.433098], [18, 0.436886], [38, 0.654064]]
[[1, 0.451336], [2, 0.500864], [3, 0.44363], [8, 0.500644], [9, 0.419411], [11, 0.445558], [13, 0.423422], [19, 0.445052], [26, 0.417608]]
[[1, 0.490813], [2, 0.543787], [3, 0.485599], [7, 0.516477], [12, 0.442625], [47, 0.863608]]
[[1, 0.426445], [2, 0.564153], [7, 0.434415], [13, 0.425906], [18, 0.448442], [54, 0.616185]]
[[1, 0.435832], [2, 0.530219], [7, 0.462477], [9, 0.416639], [13, 0.427554], [18, 0.428606], [24, 0.429672]]
[[1, 0.42688], [2, 0.552443], [3, 0.444972], [4, 0.423438], [7, 0.471302], [11, 0.41742], [18, 0.43598]]
[[1, 0.515807], [2, 0.549975], [7, 0.45732], [9, 0.450844], [12, 0.443248], [17, 0.465735], [29, 0.4418]]
[[1, 0.461897], [2, 0.502846], [3, 0.507223], [5, 0.418593], [6, 0.425138], [8, 0.472401], [10, 0.417097], [13, 0.423593], [19, 0.428446], [29, 0.432935], [67, 0.418791], [244, 0.434646]]
[[1, 0.42535], [2, 0.600068], [3, 0.418519], [5, 0.412788], [7, 0.453657], [12, 0.457328], [42, 0.460329]]
[[1, 0.463129], [2, 0.587681], [3, 0.421649], [6, 0.457091], [12, 0.486741], [69, 0.41001]]
[[1, 0.420161], [2, 0.540599], [3, 0.418925], [4, 0.419762], [5, 0.461722], [6, 0.432195], [7, 0.456126], [8, 0.404965], [12, 0.431127]]
[[1, 0.755455], [2, 0.508693], [3, 0.426832], [7, 0.477175], [36, 0.437509]]
[[1, 0.509946], [2, 0.547412], [3, 0.477375], [7, 0.459202], [12, 0.473792], [29, 0.435113]]
[[1, 0.474174], [2, 0.546392], [6, 0.415178], [7, 0.436641], [12, 0.43835], [18, 0.416759], [198, 0.425725]]
[[1, 0.434193], [2, 0.519391], [7, 0.496812], [13, 0.423509], [95, 0.40569], [111, 0.427387], [162, 0.408484]]
[[2, 0.531261], [7, 0.490677], [30, 0.964305], [404, 0.49064]]
[[1, 0.439035], [2, 0.547678], [3, 0.424301], [7, 0.479037], [18, 0.474968], [36, 0.736108]]
[[1, 0.470521], [2, 0.546041], [3, 0.43313], [7, 0.451502], [18, 0.460589], [24, 0.418225], [26, 0.408466], [30, 0.40881]]
[[1, 0.454185], [2, 0.516624], [3, 0.451022], [8, 0.426466], [13, 0.44315], [19, 0.43647], [26, 0.420938], [47, 0.67608], [59, 0.446474]]
[[1, 0.851653], [2, 0.554933], [3, 0.472826], [7, 0.499619], [18, 0.459578]]
[[1, 0.485313], [2, 0.491804], [3, 0.505903], [8, 0.441479], [19, 0.428818], [20, 0.426148], [45, 0.424563], [52, 0.436329], [463, 0.427566]]
[[1, 0.460332], [2, 0.640006], [7, 0.444709], [12, 0.434542], [18, 0.464774], [24, 0.45702], [29, 0.424946]]
[[1, 0.419856], [2, 0.584882], [3, 0.426713], [6, 0.458921], [7, 0.48981], [18, 0.435833], [36, 0.406852]]
