0.4788219
0.5323178
0.4371751
0.391251066667
0.393514233333
0.392719333333
0.445880033333
0.395936766667
0.377788266667
0.368043266667
0.377825166667
0.400264433333
0.390357233333
0.364627833333
0.351681433333
0.355213866667
0.362565833333
0.402818866667
0.369938966667
0.357540733333
0.340801766667
0.341487766667
0.3591838
0.370185333333
0.357111066667
0.3526374
0.3444497
0.335905033333
0.355056533333
0.378209366667
0.3494903
0.343291666667
0.330823733333
0.3317703
0.332858133333
0.377372466667
0.3365973
0.355171833333
0.337470766667
0.3254601
0.324160366667
0.351630733333
0.348200233333
0.326146733333
0.330228166667
0.3163882
0.344850733333
0.322457366667
0.345369566667
0.3292142
0.3166695
0.3180832
0.3173091
0.325937
0.3344663
0.334132633333
0.3188219
0.317637866667
0.329777866667
0.3269611
0.320009633333
0.337438666667
0.3286048
0.316527633333
0.3157267
0.3085847
0.319168366667
0.318025666667
0.330062533333
0.327534866667
0.3142958
0.312124
0.3112494
0.322078866667
0.314831
0.3259863
0.3221174
0.311857033333
0.309021533333
0.3025465
0.3143566
0.318254
0.3168886
0.323322566667
0.3075769
0.316739566667
0.3116365
0.304498166667
0.308684633333
0.319737233333
0.3250614
0.324799433333
0.312684666667
0.312502733333
0.3053394
0.304216133333
0.313705666667
0.331503
0.315737133333
0.305653866667
0.302556966667
0.302703433333
0.307125933333
0.305888766667
0.3114452
0.319961966667
0.319396466667
0.3132334
0.304187433333
0.310361866667
0.315381266667
0.309719633333
0.304736266667
0.321837166667
0.3140364
0.305175233333
0.296164133333
0.300471233333
0.304330466667
0.305269266667
0.303491033333
0.3196345
0.312149466667
0.3070625
0.308567633333
0.304581266667
0.304440966667
0.3042355
0.3110748
0.315567733333
0.312816966667
0.305203433333
0.299890833333
0.303050333333
0.3063772
0.309281133333
0.306233433333
0.3151161
0.3199642
0.307337133333
0.3071173
0.292769933333
0.3022094
0.303087866667
0.31155
0.311014133333
0.307813766667
0.3067957
0.304680133333
0.298565366667
0.297685666667
0.292234733333
0.3003419
0.3090945
0.307583666667
0.304104066667
0.3059552
0.2988947
0.303321266667
0.296446666667
0.297872466667
0.304905233333
0.3128947
0.307932566667
0.300590466667
0.305142166667
0.302823166667
0.3037115
0.299842933333
0.2916832
0.298796833333
0.3118321
0.297527233333
0.2899762
0.2982808
0.304857
0.297791433333
0.2973394
0.2916472
0.300865633333
0.304979866667
0.3116182
0.2922735
0.294168533333
0.297751166667
0.290825966667
0.2978823
0.295430266667
0.306180033333
0.299956366667
0.2991893
0.289103166667
0.288430666667
0.302689433333
0.296747433333
0.294606
0.292034433333
0.3014742
0.299315633333
0.297697366667
0.289418033333
0.291195833333
0.296255333333
0.296595133333
0.288154733333
0.2944195
0.2989189
0.299555466667
0.298510766667
0.293494833333
0.287351566667
0.290849133333
0.2971565
0.298012633333
0.293235566667
0.293633866667
0.299588
0.299098333333
0.2945387
0.2916653
0.287641333333
0.292658533333
0.293772766667
0.290472433333
0.288593933333
0.300650566667
0.293870633333
0.293617233333
0.2905695
0.289347933333
0.296218666667
0.2895052
0.291872033333
0.289265933333
0.296541033333
0.300918133333
0.3024785
0.296038566667
0.294157566667
0.292209866667
0.293753066667
0.2875123
0.2860304
0.2952653
0.293187266667
0.297266066667
0.300100266667
0.290539866667
0.293537
0.2864745
0.2890364
0.2909123
0.292853133333
0.2989653
0.2986661
0.292620066667
0.2978667
0.292989333333
0.282558266667
0.2863373
0.2929717
0.284271766667
0.2869952
0.301485733333
0.293741533333
0.3004692
0.299598466667
0.292783966667
0.285834966667
0.288583566667
0.292325033333
0.288200066667
0.2869891
0.2922111
0.3078404
0.299272433333
0.296571233333
0.286702533333
0.292030666667
0.289106133333
0.2917943
0.296703933333
0.287894766667
0.284050333333
0.301555066667
0.297039966667
0.291950033333
0.291844133333
0.2888456
0.282028666667
0.285989533333
0.295543566667
0.2883056
0.2909026
0.292306033333
0.307756466667
0.2998925
0.291030533333
0.2863549
0.294234033333
0.2855977
0.285662266667
0.291423766667
0.284300333333
0.2854504
0.297265833333
0.295294133333
0.292357366667
0.289001666667
0.285983066667
0.286794966667
0.2872193
0.288824566667
0.2897067
0.279901233333
0.292076066667
0.291873366667
0.301665166667
0.2949273
0.294158933333
0.2825912
0.285934266667
0.292149566667
0.288971966667
0.285549433333
0.2879238
0.289726233333
0.293764333333
0.2952367
0.299272666667
0.288981633333
0.2864834
0.283531633333
0.291973366667
0.282982433333
0.286815733333
0.292010733333
0.294799633333
0.2936388
0.293974866667
0.289700233333
0.285739233333
0.2825365
0.282865966667
0.284058333333
0.289135933333
0.2793146
0.2868347
0.2950845
0.291400266667
0.2884278
0.2981896
0.288567366667
0.285230733333
0.288679933333
0.2863114
0.283813833333
0.293588033333
0.2925314
0.287518533333
0.289657733333
0.293002033333
0.286337933333
0.288934866667
0.293520366667
0.286835066667
0.283326766667
0.284778966667
0.2959043
0.286318933333
0.287312033333
0.291086466667
0.288111833333
0.293197333333
0.299971333333
0.2862785
0.284849233333
0.284151066667
0.2922143
0.2848309
0.290346333333
0.286548566667
0.2913155
0.292000666667
0.287903166667
0.2962988
0.289517266667
0.296482833333
0.285460833333
0.282167466667
0.274359433333
0.2897695
0.292948
0.286794666667
0.299066366667
0.288132466667
0.288045266667
0.2973774
0.2875838
0.285917866667
0.284123066667
0.290518933333
0.284281
0.293073133333
0.290227233333
0.287343166667
0.284655833333
0.288117366667
0.293083866667
0.291129766667
0.2915132
0.291611266667
0.2918775
0.2869056
0.284990966667
0.290211366667
0.290563066667
0.286725966667
0.2865199
0.2936222
0.287386766667
0.287375466667
0.2865691
0.282785333333
0.291316833333
0.2891731
0.285611733333
0.281910566667
0.285407933333
0.2934739
0.282736366667
0.2929369
0.2922077
0.2896789
0.281816033333
0.2860457
0.2881363
0.2882301
0.289439633333
0.287582633333
0.289013866667
0.286218833333
0.290880633333
0.294050633333
0.287526366667
0.288540833333
0.2891841
0.29312
0.288417833333
0.2867283
0.292882066667
0.285007966667
0.291742566667
0.2822613
0.290880733333
0.295008733333
0.285233733333
0.281456266667
0.2861064
0.282481933333
0.283183533333
0.281375533333
0.298242166667
0.2891941
0.284419133333
0.2853255
0.288782033333
0.2882249
0.290155266667
0.290889366667
0.284178333333
0.2836845
0.2857388
0.290630866667
0.2830301
0.2848652
0.285032766667
0.2870192
0.292084133333
0.2815685
0.292254866667
0.2898412
0.291162666667
0.2917505
0.282419233333
0.283724166667
0.287170666667
0.280440733333
0.288066
0.289677933333
0.2896858
0.298466166667
0.2873263
0.2909159
0.2898996
0.284997666667
0.2831305
0.279798466667
0.283357933333
0.2852912
