[0.487533, 0.269399, 0.494775, 153.43662299999997, 0.019134, 0.093053, 0.102056, 0.245108]
[0.182417, 0.174117, 0.436919, 150.76837899999995, 0.019343, 0.096639, 0.114992, 0.261485]
[0.20161, 0.192118, 0.784122, 150.033091, 0.014792, 0.096708, 0.114054, 0.274826]
[0.193239, 0.214812, 0.495728, 151.73311, 0.01577, 0.089507, 0.098865, 0.254572]
[0.187297, 0.203268, 0.462966, 150.0504829999998, 0.017992, 0.108394, 0.101789, 0.26011]
[0.198696, 0.171582, 0.448759, 154.06986299999997, 0.016487, 0.086632, 0.111834, 0.3188]
[13.642601, 0.228151, 0.444765, 147.19805299999993, 0.016312, 0.098804, 0.100766, 0.269514]
[0.201975, 0.190805, 0.469701, 152.98756899999995, 0.014267, 0.152962, 0.115681, 0.31871]
[0.187293, 0.267213, 0.408012, 151.7503809999999, 0.015321, 0.137269, 0.117185, 0.287396]
[0.183791, 0.174367, 0.45228, 152.86541900000006, 0.013996, 0.097519, 0.101092, 0.255959]
[0.182095, 0.224332, 0.446182, 152.3420520000001, 0.0166, 0.127815, 0.117255, 0.292363]
[0.228117, 0.237303, 0.450911, 151.25559799999982, 0.014643, 0.107626, 0.115444, 0.281111]
[0.185222, 0.190074, 0.536648, 153.6361229999999, 0.016396, 0.091083, 0.101152, 0.272217]
[0.204214, 0.176803, 0.478299, 153.41382099999987, 0.014902, 0.12354, 0.156792, 0.297768]
[0.182186, 0.19195, 0.706044, 150.74627400000006, 0.015931, 0.10961, 0.114481, 0.278419]
[13.896863, 0.17652, 0.419227, 149.7242429999999, 0.013718, 0.114277, 0.105208, 0.248897]
[0.239997, 0.190831, 0.433993, 151.72665499999982, 0.015768, 0.092299, 0.107378, 0.268722]
[0.188265, 0.211793, 0.451204, 151.223276, 0.015525, 0.107076, 0.105945, 0.263073]
[0.191366, 0.253995, 0.457953, 151.5796200000001, 0.015202, 0.10255, 0.133444, 0.287946]
[0.232123, 0.212251, 0.47195, 151.131068, 0.014967, 0.093928, 0.105667, 0.24964]
[0.279304, 0.283591, 0.51896, 153.07077099999995, 0.01669, 0.094233, 0.104465, 0.262979]
[0.189583, 0.181456, 0.499644, 150.60468600000004, 0.015498, 0.09003, 0.09304, 0.256728]
[13.46592, 13.751901, 0.494558, 149.12545300000005, 0.015782, 0.084241, 0.130341, 0.292229]
[0.401526, 0.342411, 0.514458, 154.2528260000001, 0.016506, 0.092303, 0.107676, 0.292068]
[0.168729, 0.250571, 0.505252, 150.33292999999998, 0.015459, 0.094596, 0.090357, 0.271771]
[0.213686, 0.168698, 0.539972, 151.16228400000008, 0.015243, 0.105441, 0.09751, 0.273084]
[0.184384, 0.297079, 0.44272, 154.06256699999997, 0.015038, 0.100647, 0.10735, 0.283299]
[0.248563, 0.194615, 0.527772, 150.66847599999994, 0.014415, 0.098271, 0.094297, 0.271305]
[0.171292, 0.165816, 0.43701, 151.68604599999998, 0.014198, 0.095831, 0.095846, 0.284846]
[0.190433, 0.222171, 0.385984, 149.619497, 0.014758, 0.088941, 0.107746, 0.253188]
