[0.30687324599999993, 0.04179517527559234, [(447, 0.542819), (1, 0.510981), (91, 0.494512), (3, 0.488908), (4, 0.471892), (0, 0.462541), (62, 0.456727), (9, 0.455297), (107, 0.454487), (37, 0.433979)]]
[0.3015367579999999, 0.03355513473379948, [(2, 0.559873), (7, 0.470503), (1, 0.444433), (8, 0.432723), (13, 0.428569), (6, 0.414699), (61, 0.395373), (93, 0.392932), (3, 0.392387), (0, 0.392344)]]
[0.300066182, 0.035850967949232225, [(2, 0.465109), (1, 0.458366), (0, 0.451831), (18, 0.434617), (6, 0.431531), (25, 0.428849), (7, 0.423631), (37, 0.413418), (31, 0.410261), (15, 0.399545)]]
[0.30346622, 0.03897573559125728, [(26, 0.666101), (1, 0.499073), (0, 0.454321), (2, 0.448761), (12, 0.441493), (7, 0.436658), (43, 0.419838), (6, 0.407182), (50, 0.404565), (18, 0.403916)]]
[0.3001009659999996, 0.03618508223603816, [(1, 0.517965), (0, 0.475295), (6, 0.461769), (30, 0.441432), (106, 0.428435), (85, 0.419809), (24, 0.418594), (12, 0.417448), (4, 0.411991), (3, 0.411839)]]
[0.30813972599999995, 0.04203591662808034, [(42, 0.836249), (1, 0.534686), (0, 0.492164), (12, 0.476342), (2, 0.442423), (7, 0.420916), (6, 0.414609), (24, 0.411697), (30, 0.40397), (18, 0.403742)]]
[0.2943961059999999, 0.03569066470732597, [(0, 0.505618), (1, 0.494213), (6, 0.460767), (3, 0.445494), (2, 0.444491), (11, 0.417531), (361, 0.406328), (90, 0.39803), (493, 0.396371), (17, 0.390263)]]
[0.3059751379999999, 0.0383400681030558, [(37, 0.654064), (1, 0.502065), (6, 0.495973), (0, 0.460332), (2, 0.458205), (8, 0.444659), (17, 0.436886), (11, 0.433098), (179, 0.413745), (4, 0.408769)]]
[0.30350076199999976, 0.03575868939132635, [(1, 0.500864), (7, 0.500644), (0, 0.451336), (10, 0.445558), (18, 0.445052), (2, 0.44363), (12, 0.423422), (8, 0.419411), (25, 0.417608), (59, 0.405856)]]
[0.3057308380000001, 0.04326149137230193, [(46, 0.863608), (1, 0.543787), (6, 0.516477), (0, 0.490813), (2, 0.485599), (11, 0.442625), (17, 0.433544), (7, 0.413588), (5, 0.411532), (75, 0.411324)]]
[0.30468410400000023, 0.03668100157838092, [(53, 0.616185), (1, 0.564153), (17, 0.448442), (6, 0.434415), (0, 0.426445), (12, 0.425906), (11, 0.409669), (2, 0.408867), (35, 0.40794), (138, 0.397212)]]
[0.30251119599999965, 0.03508273515696264, [(1, 0.530219), (6, 0.462477), (0, 0.435832), (23, 0.429672), (17, 0.428606), (12, 0.427554), (8, 0.416639), (19, 0.401647), (4, 0.399579), (414, 0.395856)]]
[0.3072722459999998, 0.033023674506836506, [(1, 0.552443), (6, 0.471302), (2, 0.444972), (17, 0.43598), (0, 0.42688), (3, 0.423438), (10, 0.41742), (5, 0.400071), (11, 0.395472), (4, 0.395408)]]
[0.30682764199999973, 0.03672338405514714, [(1, 0.549975), (0, 0.515807), (16, 0.465735), (6, 0.45732), (8, 0.450844), (11, 0.443248), (28, 0.4418), (13, 0.415542), (15, 0.41524), (7, 0.405345)]]
[0.30149254800000014, 0.03623440144872955, [(2, 0.507223), (1, 0.502846), (7, 0.472401), (0, 0.461897), (243, 0.434646), (28, 0.432935), (18, 0.428446), (5, 0.425138), (12, 0.423593), (66, 0.418791)]]
[0.2994484859999998, 0.03637490110026145, [(1, 0.600068), (41, 0.460329), (11, 0.457328), (6, 0.453657), (0, 0.42535), (2, 0.418519), (4, 0.412788), (12, 0.405625), (23, 0.399122), (13, 0.394825)]]
[0.30345330999999964, 0.03522057435604792, [(1, 0.587681), (11, 0.486741), (0, 0.463129), (5, 0.457091), (2, 0.421649), (68, 0.41001), (6, 0.40779), (10, 0.407232), (162, 0.402489), (28, 0.399126)]]
[0.302446552, 0.03375512019488743, [(1, 0.540599), (4, 0.461722), (6, 0.456126), (5, 0.432195), (11, 0.431127), (0, 0.420161), (3, 0.419762), (2, 0.418925), (7, 0.404965), (54, 0.400971)]]
[0.30315924000000016, 0.03797880879867613, [(0, 0.755455), (1, 0.508693), (6, 0.477175), (35, 0.437509), (2, 0.426832), (17, 0.416953), (75, 0.403942), (23, 0.395746), (4, 0.389032), (48, 0.385758)]]
[0.302262136, 0.03692872344067017, [(1, 0.547412), (0, 0.509946), (2, 0.477375), (11, 0.473792), (6, 0.459202), (28, 0.435113), (47, 0.410225), (22, 0.403499), (81, 0.401319), (9, 0.396299)]]
[0.3061415419999999, 0.03451285035502334, [(1, 0.546392), (0, 0.474174), (11, 0.43835), (6, 0.436641), (197, 0.425725), (17, 0.416759), (5, 0.415178), (75, 0.407084), (18, 0.406033), (120, 0.401452)]]
[0.3012093720000001, 0.03460286370787276, [(1, 0.519391), (6, 0.496812), (0, 0.434193), (110, 0.427387), (12, 0.423509), (161, 0.408484), (94, 0.40569), (135, 0.403934), (17, 0.402034), (37, 0.392223)]]
[0.2982509060000001, 0.045964119513346086, [(29, 0.964305), (1, 0.531261), (6, 0.490677), (403, 0.49064), (17, 0.433845), (30, 0.421646), (11, 0.412918), (2, 0.409851), (35, 0.402757), (0, 0.397898)]]
[0.30850565200000024, 0.03803227672005575, [(35, 0.736108), (1, 0.547678), (6, 0.479037), (17, 0.474968), (0, 0.439035), (2, 0.424301), (106, 0.421669), (5, 0.420405), (55, 0.418392), (11, 0.414245)]]
[0.30066585999999995, 0.03480121138897893, [(1, 0.546041), (0, 0.470521), (17, 0.460589), (6, 0.451502), (2, 0.43313), (23, 0.418225), (29, 0.40881), (25, 0.408466), (13, 0.401466), (62, 0.401437)]]
[0.3023245680000002, 0.03867921985311205, [(46, 0.67608), (1, 0.516624), (0, 0.454185), (2, 0.451022), (58, 0.446474), (12, 0.44315), (18, 0.43647), (7, 0.426466), (25, 0.420938), (96, 0.416815)]]
[0.30812513399999997, 0.04316834287030306, [(0, 0.851653), (1, 0.554933), (6, 0.499619), (2, 0.472826), (17, 0.459578), (3, 0.417106), (35, 0.417038), (83, 0.415847), (109, 0.411954), (5, 0.411221)]]
[0.3013369519999999, 0.03678524161325701, [(2, 0.505903), (1, 0.491804), (0, 0.485313), (7, 0.441479), (51, 0.436329), (18, 0.428818), (462, 0.427566), (19, 0.426148), (44, 0.424563), (317, 0.406944)]]
[0.3033720919999999, 0.036624895639599246, [(1, 0.640006), (17, 0.464774), (0, 0.460332), (23, 0.45702), (6, 0.444709), (11, 0.434542), (28, 0.424946), (5, 0.411798), (35, 0.411257), (3, 0.410051)]]
[0.299238994, 0.03527772522674845, [(1, 0.584882), (6, 0.48981), (5, 0.458921), (17, 0.435833), (2, 0.426713), (0, 0.419856), (35, 0.406852), (7, 0.394373), (4, 0.393114), (69, 0.391951)]]
