[1.085727, 0.503506, 0.382554, 0.348109, 0.382995]
[0.963451, 0.438217, 0.383485, 0.38273, 0.340088]
[0.996764, 0.480648, 0.404207, 0.383966, 0.331071]
[1.065347, 0.433781, 0.400984, 0.375732, 0.315412]
[0.980175, 0.455475, 0.377443, 0.357028, 0.329752]
[0.92917, 0.524931, 0.375088, 0.378989, 0.403081]
[0.955496, 0.528417, 0.446987, 0.354578, 0.380587]
[0.982505, 0.514616, 0.416909, 0.307637, 0.363488]
[0.999761, 0.460995, 0.383517, 0.3931, 0.369018]
[0.880425, 0.460008, 0.342955, 0.364688, 0.343919]
[1.059572, 0.499341, 0.394627, 0.327268, 0.362826]
[0.989531, 0.447354, 0.443655, 0.376251, 0.380777]
[0.937394, 0.549619, 0.406388, 0.405645, 0.370562]
[0.96285, 0.576799, 0.418482, 0.3915, 0.367672]
[0.964205, 0.455832, 0.421625, 0.395884, 0.387656]
[0.941454, 0.515687, 0.413819, 0.41955, 0.369011]
[0.935879, 0.419502, 0.41439, 0.347859, 0.393299]
[0.957968, 0.460913, 0.431541, 0.37333, 0.396909]
[0.943517, 0.423182, 0.370808, 0.332932, 0.343106]
[0.965835, 0.507728, 0.409352, 0.397167, 0.314697]
[0.936051, 0.410234, 0.391006, 0.32452, 0.329805]
[1.021086, 0.533058, 0.415186, 0.382853, 0.355847]
[1.009353, 0.449298, 0.375634, 0.406552, 0.32383]
[0.973296, 0.504179, 0.415618, 0.39473, 0.324555]
[0.966397, 0.477936, 0.390264, 0.452679, 0.365451]
[0.930035, 0.452794, 0.405825, 0.375295, 0.329058]
[0.96014, 0.464461, 0.47795, 0.338647, 0.365464]
[0.963986, 0.569811, 0.38592, 0.325302, 0.375649]
[0.966819, 0.56388, 0.436179, 0.392594, 0.368935]
[0.912686, 0.550808, 0.402964, 0.362305, 0.367908]
