first at GeneralizedLinearAlgorithm.scala:246	count at DataValidators.scala:40	count at GradientDescent.scala:209	treeAggregate at GradientDescent.scala:239
[7.628123, 22.536727, 0.440173, 2.702891]
[7.79252, 22.67095, 0.479713, 2.507971]
[7.870812, 22.570171, 0.457, 2.596656]
[8.05, 25.170367, 0.440259, 2.5912560000000004]
[7.863288, 21.233641, 0.475437, 2.499873]
[8.272984, 22.049814, 0.432505, 2.6112590000000004]
[10.694577, 25.816036, 0.43747, 2.6660649999999997]
[10.744877, 21.72949, 0.422853, 2.585155]
[10.644405, 25.72195, 0.410492, 2.606391]
[10.85532, 21.590643, 0.487073, 2.391995]
[10.924643, 25.008549, 0.470628, 2.643634]
[10.860746, 23.931585, 0.5462, 2.637568]
[10.753617, 22.876213, 0.447222, 2.6696079999999998]
[10.631545, 23.797184, 0.485841, 2.7173030000000002]
[10.783523, 23.107446, 0.453395, 2.625202]
[10.935451, 21.661043, 0.42452, 2.659521]
[11.149048, 21.279158, 0.437748, 2.510929]
[11.194306, 21.794243, 0.48056, 2.620661]
[10.600383, 21.815792, 0.44736, 2.4135450000000005]
[10.882985, 25.584034, 0.398601, 2.594779]
[10.649356, 23.957755, 0.426386, 2.391616]
[10.727774, 23.415278, 0.552708, 2.70803]
[11.013683, 23.296587, 0.530245, 2.564667]
[10.90394, 21.040998, 0.509209, 2.6123780000000005]
[10.901167, 25.399663, 0.4724, 2.652727]
[10.94061, 21.878541, 0.48017, 2.4930069999999995]
[10.897087, 22.151529, 0.417695, 2.606662]
[10.971996, 22.033144, 0.481298, 2.620668]
[10.931391, 22.306167, 0.520799, 2.728407]
[10.849116, 21.679299, 0.40506, 2.5966709999999997]
