[0.5405782, 0.2776364773623236, [(0, 1.085727), (1, 0.503506), (4, 0.382995), (2, 0.382554), (3, 0.348109)]]
[0.5015942, 0.23301978756783723, [(0, 0.963451), (1, 0.438217), (2, 0.383485), (3, 0.38273), (4, 0.340088)]]
[0.5193312, 0.24349853805672017, [(0, 0.996764), (1, 0.480648), (2, 0.404207), (3, 0.383966), (4, 0.331071)]]
[0.5182512000000001, 0.2762810484585579, [(0, 1.065347), (1, 0.433781), (2, 0.400984), (3, 0.375732), (4, 0.315412)]]
[0.4999746, 0.24371955012316923, [(0, 0.980175), (1, 0.455475), (2, 0.377443), (3, 0.357028), (4, 0.329752)]]
[0.5222518, 0.2107001153634236, [(0, 0.92917), (1, 0.524931), (4, 0.403081), (3, 0.378989), (2, 0.375088)]]
[0.5332129999999999, 0.21953861431739066, [(0, 0.955496), (1, 0.528417), (2, 0.446987), (4, 0.380587), (3, 0.354578)]]
[0.517031, 0.24253560228139703, [(0, 0.982505), (1, 0.514616), (2, 0.416909), (4, 0.363488), (3, 0.307637)]]
[0.5212782, 0.24131755915506853, [(0, 0.999761), (1, 0.460995), (3, 0.3931), (2, 0.383517), (4, 0.369018)]]
[0.478399, 0.2055836922588949, [(0, 0.880425), (1, 0.460008), (3, 0.364688), (4, 0.343919), (2, 0.342955)]]
[0.5287268, 0.27157011304736756, [(0, 1.059572), (1, 0.499341), (2, 0.394627), (4, 0.362826), (3, 0.327268)]]
[0.5275136, 0.23295059910083943, [(0, 0.989531), (1, 0.447354), (2, 0.443655), (4, 0.380777), (3, 0.376251)]]
[0.5339216, 0.21092294805316938, [(0, 0.937394), (1, 0.549619), (2, 0.406388), (3, 0.405645), (4, 0.370562)]]
[0.5434606000000001, 0.22208657052924202, [(0, 0.96285), (1, 0.576799), (2, 0.418482), (3, 0.3915), (4, 0.367672)]]
[0.5250404, 0.22086463841239953, [(0, 0.964205), (1, 0.455832), (2, 0.421625), (3, 0.395884), (4, 0.387656)]]
[0.5319041999999999, 0.21028352839858855, [(0, 0.941454), (1, 0.515687), (3, 0.41955), (2, 0.413819), (4, 0.369011)]]
[0.5021858, 0.2183151856462578, [(0, 0.935879), (1, 0.419502), (2, 0.41439), (4, 0.393299), (3, 0.347859)]]
[0.5241322, 0.2189567743052496, [(0, 0.957968), (1, 0.460913), (2, 0.431541), (4, 0.396909), (3, 0.37333)]]
[0.4827090000000001, 0.23252159372066933, [(0, 0.943517), (1, 0.423182), (2, 0.370808), (4, 0.343106), (3, 0.332932)]]
[0.5189558, 0.23168696339794348, [(0, 0.965835), (1, 0.507728), (2, 0.409352), (3, 0.397167), (4, 0.314697)]]
[0.4783232, 0.23129559076074063, [(0, 0.936051), (1, 0.410234), (2, 0.391006), (4, 0.329805), (3, 0.32452)]]
[0.541606, 0.24725091554693987, [(0, 1.021086), (1, 0.533058), (2, 0.415186), (3, 0.382853), (4, 0.355847)]]
[0.5129334, 0.25155918062960847, [(0, 1.009353), (1, 0.449298), (3, 0.406552), (2, 0.375634), (4, 0.32383)]]
[0.5224756000000002, 0.2325871223989841, [(0, 0.973296), (1, 0.504179), (2, 0.415618), (3, 0.39473), (4, 0.324555)]]
[0.5305454000000001, 0.2216901326343597, [(0, 0.966397), (1, 0.477936), (3, 0.452679), (2, 0.390264), (4, 0.365451)]]
[0.4986013999999999, 0.21944938471784328, [(0, 0.930035), (1, 0.452794), (2, 0.405825), (3, 0.375295), (4, 0.329058)]]
[0.5213324, 0.225981155000677, [(0, 0.96014), (2, 0.47795), (1, 0.464461), (4, 0.365464), (3, 0.338647)]]
[0.5241336000000001, 0.23504945840277958, [(0, 0.963986), (1, 0.569811), (2, 0.38592), (4, 0.375649), (3, 0.325302)]]
[0.5456814, 0.22106735839250444, [(0, 0.966819), (1, 0.56388), (2, 0.436179), (3, 0.392594), (4, 0.368935)]]
[0.5193342, 0.20825288751746038, [(0, 0.912686), (1, 0.550808), (2, 0.402964), (4, 0.367908), (3, 0.362305)]]
