[0.10055194200000009, 0.098627162, 0.09955833400000008, 0.10026291199999991, 0.09887013599999994, 0.09729032599999991, 0.09874479200000003, 0.09739785200000006, 0.09899975199999993, 0.09852550199999995, 0.10755841600000002, 0.09926754199999993, 0.09963741999999996, 0.10069844400000012, 0.09904265800000005, 0.09922186800000009, 0.09946746399999991, 0.09846082600000002, 0.09947225800000004, 0.09964334999999998, 0.09767411800000002, 0.099040852, 0.10097179600000014, 0.10012326599999984, 0.10025396199999993, 0.09966794200000005, 0.09583181000000002, 0.09914595000000008, 0.10063366, 0.10073111999999988]
[0.15615250000000003, 0.14597390000000002, 0.14704879999999998, 0.14790249999999996, 0.14184793333333331, 0.15723686666666664, 0.14348953333333334, 0.14937356666666665, 0.14762409999999992, 0.14816453333333335, 0.16165446666666666, 0.14107603333333335, 0.14368189999999997, 0.14967033333333335, 0.15966099999999997, 0.1457265333333333, 0.14981676666666666, 0.15391626666666666, 0.14162296666666666, 0.15070103333333332, 0.13922653333333335, 0.14004313333333332, 0.14568740000000002, 0.15253066666666668, 0.1518559666666667, 0.15006003333333334, 0.14833856666666667, 0.1470343, 0.1518919, 0.14625233333333335]
[0.097002970212766, 0.09560502978723402, 0.09652702765957456, 0.0972220872340425, 0.0961268723404255, 0.09346395106382975, 0.09588874468085103, 0.09408025319148941, 0.09589607021276589, 0.09535705319148934, 0.10410547659574472, 0.09659891489361697, 0.09682607021276592, 0.09757257872340429, 0.09517340212765957, 0.09625348510638301, 0.09625367872340417, 0.0949211170212766, 0.0967817872340426, 0.0963843489361702, 0.09502183617021281, 0.09642368510638297, 0.09811760851063837, 0.09677811276595728, 0.09696021702127651, 0.09645142553191491, 0.09248031489361704, 0.09608924680851065, 0.09736185744680848, 0.09782551063829778]
[0.031020175794450863, 0.025918184039468453, 0.027227448604495507, 0.02677991117132866, 0.023006554002055684, 0.030394503586203263, 0.023429584630819553, 0.026396347881972176, 0.02757174734677683, 0.025790340754747586, 0.02853776850118006, 0.023778239025887434, 0.021242983180513965, 0.026609605144963435, 0.029001946546620555, 0.02487162576934961, 0.026539648253673307, 0.028777983502944127, 0.02262126485259911, 0.027468406865260694, 0.022698566793788465, 0.02215669154043753, 0.02591925222506208, 0.027003766474831697, 0.02774448289409186, 0.0264783103243133, 0.024827025424361653, 0.02580341808907303, 0.027228787119157567, 0.023319220617885147]
[0.10324993580458053, 0.08027659571313422, 0.087021565978555, 0.08588054470862419, 0.07222243005001208, 0.10043608229108812, 0.0751589803832442, 0.08609398748603501, 0.09104710088972265, 0.08252396797364725, 0.0937848130000209, 0.06791799526020742, 0.06255220370503876, 0.08531618782244994, 0.09189774783892513, 0.07768428777547119, 0.08456158621134592, 0.09348620928598089, 0.06623813572984641, 0.08969308758073588, 0.06969184322943078, 0.06795215512340692, 0.08098768220645243, 0.08304290498705408, 0.08838855894080537, 0.08039508694834666, 0.0774323431453478, 0.08410711558806029, 0.08226650522796829, 0.06501203226651371]
[0.011545172151309313, 0.01229098669355884, 0.012334462622438862, 0.01174969106641618, 0.010233306765565622, 0.009741527140958484, 0.009352437246726705, 0.009202343109446594, 0.010911260708082775, 0.010275493939328197, 0.010307938332079934, 0.01372457545416295, 0.009929174915335385, 0.011216460325579183, 0.01030664236687772, 0.011226071542031054, 0.01098845477670814, 0.010693800831438564, 0.01198700256223678, 0.010590307382553486, 0.01099318152101615, 0.010647117460008836, 0.012659225810751113, 0.012209395313151902, 0.011806969011298064, 0.012683199042299302, 0.009263230187877664, 0.010052812628903982, 0.013354150463707453, 0.012961699973994323]
0.09951244773333333
0.14850874555555552
0.09638502446808511
0.026005459698610442
0.08187732243840173
0.011174603044861455
