0.0299927932876
0.0131592522824
0.0211255296829
0.0170547645541
0.0155505496279
0.0666761466362
0.0153041686385
0.0563367086771
0.132143632113
0.0237143466315
0.0522590108112
0.010829082641
0.0523588824653
0.0167585577318
0.0234958600508
0.0111986505797
0.0157862988826
0.00782536571641
0.0136857199585
0.0572938556675
0.012393275997
0.0115518425524
0.0102516435539
0.0150893116728
0.00717392315543
0.0115565108537
0.0188632073845
0.0172337584802
0.0269829663928
0.0126439477557
0.0120949690404
0.00764096831385
0.0109223774187
0.0110515663007
0.0117137099431
0.0119516754362
0.0136080324876
0.00792111622388
0.0163454965936
0.00670266204172
0.0139228244445
0.0101966148073
0.0090487955751
0.0112509217055
0.010449384316
0.012884638379
0.012723126996
0.00984943174362
0.00884321497603
0.00761680611317
0.0139146633244
0.0150774922821
0.0112316430438
0.0131719782623
0.0136903882203
0.0100472403093
0.00945456449106
0.0173303722976
0.00744474968462
0.00742151273207
0.00706490031391
0.0131202575015
0.0173952532338
0.0189691076398
0.0115331702765
0.0123855154815
0.01154233331
0.0115441968317
0.0179033225583
0.0191147137601
0.00727499794036
0.0101350219026
0.00873676952407
0.00917980756734
0.0195553751944
0.0129958667621
0.0111994295835
0.00845023634752
0.00974019055489
0.00868348247914
0.00576841416682
0.017086106224
0.00669248115965
0.00762209636692
0.0089650609869
0.00755670014226
0.0108323899471
0.0159740550617
0.00905390491943
0.0100892132324
0.0080470057151
0.0156354019649
0.0093219613583
0.0154701902261
0.0117693710337
0.00606316924499
0.0067565360188
0.0128011869764
0.013641326669
0.0198278680033
0.0125903841733
0.0118006585611
0.00764528492464
0.012894928258
0.0126288254816
0.0145600800103
0.0104303976528
0.0127838465201
0.00693158250201
0.00753329653155
0.0123175792777
0.0158805970238
0.010742478031
0.00619294858331
0.0105376098465
0.00538373179372
0.0121442561906
0.0132940194321
0.0126501593587
0.00654971587374
0.0129166736138
0.00642629221108
0.00885171325972
0.0121976377547
0.0101460734025
0.00717430746453
0.00848283522074
0.00907212969998
0.00674171258831
0.00938701209734
0.0159403875082
0.0104484522257
0.0069273390357
0.0209073298441
0.0139295954851
0.00976889133912
0.0109141446949
0.00812929144575
0.00813421619662
0.00547544632021
0.0121527659145
0.0106574021369
0.0134973039775
0.0170110603798
0.00898441449579
0.00963271956384
0.0196192135651
0.0159668820661
0.00985387696628
0.00868349513227
0.0113458510794
0.0130287318966
0.0115469749306
0.0136484251916
0.0125411441395
0.0137341812669
0.0134318035217
0.00482090449973
0.0109333981566
0.0140549493766
0.00920411913197
0.00754386382845
0.00703103986216
0.006405350432
0.00996212838599
0.00809166268596
0.010151788499
0.0140803197347
0.00855223186887
0.012284027558
0.00754390847829
0.0055600976814
0.0126275702405
0.00848461102205
0.00585836588554
0.00586807111939
0.00635862973569
0.00979543071874
0.0065413808363
0.00787746956615
0.0120695801376
0.00849208333587
0.0140726403147
0.00629884261115
0.00965459824361
0.00945845018365
0.00601646042638
0.00918630139604
0.00552103652517
0.00602012348009
0.0071922916728
0.0044813617877
0.0165367142224
0.00956072973743
0.0132994153825
0.019026153555
0.0121928317477
0.0129843060879
0.0129304615018
0.0104620464072
0.00797770210643
0.00892415799831
0.0106605415114
0.0128318912868
0.00952704396967
0.00675894667698
0.010871661065
0.00857538143888
0.0103613726365
0.0117923643186
0.0117033156736
0.0114121878857
0.00774483136098
0.00628234589376
0.00759790331341
0.00759647317064
0.0103806274238
0.0103323950826
0.00585127428477
0.00762138283377
0.00724126596736
0.0082701981258
0.00707701941192
0.00558658044086
0.00861774681489
0.00525009556791
0.00485999567627
0.00542950057249
0.00673645791735
0.00697392360193
0.00629703706878
0.00627829932643
0.00605508720187
0.010261553653
0.00958402219808
0.00886293890159
0.00661826789702
0.00736122413137
0.00581424242557
0.00482349687352
0.0081790356397
0.0100245628214
0.00889469599605
0.0117919728169
0.00764763537812
0.00964728941926
0.00818890584531
0.0056411388016
0.00816736228221
0.00599911225923
0.00558399572638
0.00918328394597
0.00782544961924
0.00714290825178
0.0117755431743
0.00802537089873
0.0109170221095
0.0113905287106
0.0115145013509
0.0133979798788
0.0155723034668
0.0155583791137
0.0115940076795
0.0141482117154
0.0117908167788
0.0117358060849
0.0105066685954
0.00992058174347
0.0113650984952
0.0101042778391
0.0132221657011
0.0109110103097
0.00930138900356
0.0111428087174
0.00611264754823
0.00479726445441
0.0089867055647
0.00781872897493
0.00541318504107
0.0085013127023
0.0102690545459
0.0111760019528
0.00899801607146
0.0058531023824
0.0141794848053
0.0077018163849
0.00731356681305
0.0059122622601
0.00731043926701
0.00821421937023
0.00579756696631
0.00816844899388
0.00516694807234
0.00726835992573
0.00676046653025
0.00694820039762
0.00705165002787
0.00418309099909
0.00760258088495
0.0064970774835
0.0097741881016
0.00783287901917
0.007990228474
0.00765492517918
0.0052750359468
0.00437445503146
0.00884486961929
0.00772375601929
0.00758637625872
0.00939695638367
0.00904200438872
0.00597993014275
0.00627482099798
0.00699538796009
0.00471190134824
0.00832467885427
0.00946091565365
0.00988330051934
0.0146866713485
0.013337681159
0.0080276846271
0.0119275026484
0.00803214700065
0.00769649284061
0.0131679282145
0.00902397494357
0.0100833422327
0.00803435049335
0.00880914146302
0.0117064319134
0.0170259876007
0.006557581012
0.0111531498062
0.00834798048606
0.0107153335182
0.00820184911157
0.0095537277318
0.0102152780862
0.0120591123425
0.0109785446203
0.00767259756399
0.0100941068052
0.0111490328075
0.00708895956486
0.00459264818076
0.00663312458641
0.00704957303073
0.00546371655317
0.00451459961668
0.00622678248072
0.00719118701189
0.00599944287237
0.00716764648256
0.00693089711718
0.00697961731592
0.00965097713165
0.00813591493291
0.00911100899425
0.0104511527872
0.00711802174835
0.00773972034551
0.00524714491689
0.00706214081014
0.00659939764288
0.0084176297651
0.00440617945378
0.0103111276606
0.0119055936142
0.00539810768037
0.00812310667335
0.00874434788243
0.0102284828994
0.00991973319315
0.00633529595038
0.00706721671043
0.0080087252364
0.0115764259643
0.00934035513273
0.00983368402787
0.00974526581269
0.00848838245682
0.00858883703995
0.00741631780872
0.00721638111745
0.00784514742047
0.0086766292885
0.00905739954985
0.00824439645045
0.00346315659944
0.00461937094816
0.00847144299193
0.00441828431772
0.00725333796117
0.0121318008301
0.00835732613273
0.00924920076884
0.0079861687909
0.00986382704769
0.00670565124926
0.00899984290357
0.00710055266738
0.0101928202721
0.0079346368971
0.00906431944917
0.00666669979667
0.00639147189803
0.00950110213583
0.00505131417939
0.00620513216835
0.00993321329144
0.0043155834498
0.00788821697189
0.00815364988374
0.00781930379971
0.012777190166
0.0100505960982
0.00814078478172
0.00731427144918
0.00565009410502
0.00883140341112
0.00968528271394
0.0048125209588
0.00786650877921
0.0110364187976
0.00507462137624
0.0048012671309
0.012610793369
0.00832248405018
0.0119387197754
0.00855068759217
0.00879488559972
0.00829227103191
0.0131033573367
0.0106570126667
0.0103284688706
0.00604138833575
0.00915546411476
0.00816738114487
0.00715101928935
0.00666438157513
0.00695587864727
0.00894577443614
0.00960641017637
0.0102902353442
0.00538097891022
0.00636463626472
0.00604085142095
0.00523505420369
0.0097460965312
0.01043836249
0.00766021266234
0.00792002304963
0.00941539797831
0.00800233200983
0.0100696190891
0.0123084531731
0.011302816406
0.0103439249697
0.00815551075013
0.00702288425245
0.0106674597861
0.00599457490143
0.0111086214119
0.00816070255452
0.00593256687334
0.00863285889276
0.0078874928536
0.00686667882329
0.00861883107961
0.00480228674511
0.00360380075368
0.0111520906799
0.0115906916944
0.00803222419342
0.00726794839621
0.00607093661308
0.00649199987206
0.0125657821742
0.00850119137174
0.0104793344903
0.00752827308101
0.00723107964092
0.00591420410161
0.00644914075931
0.00472958487314
0.0122457340864
0.00704426998576
0.00799690320617
0.00807293814371
0.00595693933241
0.00660845424765
0.00669144382825
0.00575037366023
0.00683492652232
0.00867610391029
0.00549107505321
0.0116518648724
0.0110683965616
0.00829420241487
0.00976791902073
