[[1, 0.599249], [8, 0.45219]]
[[1, 0.459389], [2, 0.178606], [9, 0.40462]]
[[1, 0.485852], [9, 0.434447]]
[[1, 0.522596], [9, 0.388704]]
[[1, 0.506117], [2, 0.176995], [4, 0.187818], [10, 0.175718], [29, 0.171412]]
[[1, 0.45721], [6, 0.501843], [9, 0.393006]]
[[1, 0.526558], [2, 0.185098], [10, 0.179781], [29, 0.200547]]
[[1, 0.453826], [2, 0.186073], [9, 0.46573]]
[[1, 0.529267], [9, 0.416523], [29, 0.19117]]
[[1, 0.475318], [9, 0.410092], [29, 0.193709]]
[[1, 0.48387], [9, 0.389198], [20, 0.426744]]
[[1, 0.481918], [2, 0.187423], [10, 0.181121], [15, 0.183573], [64, 0.191369], [100, 0.175366]]
[[1, 0.456341], [2, 0.184677], [10, 0.196327], [11, 0.17536]]
[[1, 0.476408], [2, 0.185049], [9, 0.442237]]
[[1, 0.463932], [9, 0.418611], [11, 0.395529], [29, 0.202805]]
[[1, 0.520386], [9, 0.270566], [10, 0.189806]]
[[1, 0.504465], [5, 0.215333], [9, 0.383924], [29, 0.181381]]
[[1, 0.482251], [9, 0.391182], [13, 0.407438]]
[[1, 0.466506], [2, 0.19766], [4, 0.210399], [17, 0.178531], [75, 0.168088]]
[[1, 0.508954], [2, 0.185275], [9, 0.437619]]
[[1, 0.493345], [2, 0.180446], [10, 0.17646], [11, 0.169579]]
[[1, 0.474777], [2, 0.181404], [7, 0.205506], [10, 0.181158], [29, 0.193142]]
[[1, 0.489491], [2, 0.179951], [9, 0.375877]]
[[1, 0.478389], [2, 0.237162], [9, 0.408527]]
[[1, 0.485445], [9, 0.463399]]
[[1, 0.467085], [6, 0.179873], [9, 0.404669], [69, 0.189971]]
[[1, 0.465697], [2, 0.186008], [5, 0.176795], [9, 0.374149], [29, 0.173717]]
[[1, 0.513056], [2, 0.183611], [9, 0.382549]]
[[1, 0.468067], [2, 0.187098], [3, 0.244255], [9, 0.408921]]
[[1, 0.465153], [3, 0.185542], [10, 0.179211], [15, 0.208358], [29, 0.180025], [63, 0.172538], [147, 0.175824]]
