0.488697266667
0.180544966667
0.1545665
0.152223266667
0.152419066667
0.152238533333
0.150461133333
0.155201366667
0.319322933333
0.1483451
0.1303198
0.120748566667
0.1325623
0.125267133333
0.120287066667
0.117825166667
0.1143633
0.107627266667
0.110763866667
0.1274205
0.113743833333
0.113179666667
0.113698666667
0.1204392
0.1158934
0.110109433333
0.117388366667
0.111554333333
0.1559609
0.122089466667
0.112041666667
0.1087074
0.1102117
0.105602966667
0.109930033333
0.111085
0.1080005
0.105787366667
0.1114179
0.105625566667
0.109506433333
0.105128266667
0.1135702
0.109814666667
0.1077215
0.1036469
0.1099371
0.106026166667
0.101960433333
0.100944966667
0.105026366667
0.110229533333
0.104440266667
0.1037103
0.106928333333
0.104561366667
0.104955533333
0.1057264
0.101634
0.101045966667
0.100080566667
0.1089726
0.118051
0.121101533333
0.1142042
0.1172047
0.1070386
0.103785666667
0.1043898
0.103461266667
0.103322366667
0.103464633333
0.1036045
0.1034404
0.106193266667
0.102234366667
0.105473733333
0.102132066667
0.101649233333
0.100287966667
0.099057
0.107623966667
0.0984111666667
0.1001822
0.100834633333
0.0984906
0.102669966667
0.104271466667
0.1039589
0.100440133333
0.101102433333
0.103148166667
0.0994516333333
0.101173633333
0.100478266667
0.0966712
0.0985454
0.101867166667
0.1078161
0.111058333333
0.111476033333
0.1077517
0.103004433333
0.103932233333
0.102403566667
0.0987564
0.100147733333
0.103795533333
0.0987908666667
0.100504633333
0.101773266667
0.112164633333
0.105077233333
0.0966533333333
0.0987507
0.0956822
0.1039571
0.103771266667
0.099953
0.0961642
0.101632566667
0.0966178666667
0.0983169666667
0.0998772666667
0.0982336666667
0.0956462666667
0.0984914666667
0.0982568
0.0966841
0.0975551333333
0.101039566667
0.0969192333333
0.0947061333333
0.1144603
0.104077766667
0.102041933333
0.0965896666667
0.0969473
0.096222
0.0968431666667
0.0997694
0.0992344
0.104710933333
0.104859766667
0.0985983666667
0.104016733333
0.111603433333
0.106723566667
0.105519
0.105526433333
0.104739466667
0.107529633333
0.100545133333
0.1035283
0.103692733333
0.0987188333333
0.101578566667
0.0942260666667
0.0970875
0.101215766667
0.0992617333333
0.0960979333333
0.0938267
0.0958029
0.0974825666667
0.0968751
0.0978437333333
0.0986843666667
0.0978298333333
0.0977597666667
0.0949152666667
0.0936182
0.0986254333333
0.0945170666667
0.0930725333333
0.0936509333333
0.0976268666667
0.0950166333333
0.0964177666667
0.0983866333333
0.0986843666667
0.0972975
0.1010618
0.0934744
0.0972614333333
0.0966583
0.0940812666667
0.0950741666667
0.0929864333333
0.0955205333333
0.0933694
0.0949821666667
0.101158166667
0.0966967666667
0.0988924666667
0.106177033333
0.1021912
0.1014565
0.103077533333
0.0985778
0.0972743666667
0.0968725666667
0.0986305
0.0995592666667
0.096075
0.0968338666667
0.0983064333333
0.0966213333333
0.101435233333
0.1001021
0.1015129
0.0985541666667
0.0962457
0.0926070666667
0.0938212
0.0949860333333
0.0988684333333
0.0957383
0.0944423333333
0.0935953666667
0.0955727
0.0968436
0.0955019
0.0935303333333
0.0935900333333
0.0912571666667
0.0929364
0.093968
0.0939998333333
0.0949698333333
0.0941897666667
0.0924839666667
0.0928686666667
0.0948974
0.0939552
0.0958686
0.0930369
0.0948382333333
0.0938555
0.0926156666667
0.0938957333333
0.0969828
0.0962079333333
0.0966315333333
0.0951247
0.0957888333333
0.0958837
0.0946275666667
0.0965998666667
0.0934563666667
0.0942398333333
0.0957556333333
0.0941293
0.0959582
0.0964751333333
0.0969560666667
0.0959108333333
0.0985514
0.1007368
0.105539033333
0.106818933333
0.104093566667
0.100810166667
0.1047893
0.0981705666667
0.0988842666667
0.0979956
0.0961939333333
0.0971748333333
0.0955231333333
0.1014182
0.0993675666667
0.0965757333333
0.0978094333333
0.0949031333333
0.0922495666667
0.0938184
0.0923675
0.0918646666667
0.0937332666667
0.09635
0.0957505333333
0.0956556666667
0.0929739666667
0.0963553
0.0929918
0.0924627333333
0.0905943666667
0.0911777
0.0926490666667
0.0919190666667
0.0921543666667
0.0910434666667
0.0921253
0.0911416
0.0910916333333
0.0915685333333
0.0894354
0.0921097666667
0.0926112
0.0927694333333
0.0926769333333
0.092873
0.0930170333333
0.0912026
0.0901193333333
0.0927014666667
0.0961204333333
0.0936418333333
0.0944053
0.0962249666667
0.0919457666667
0.0931621
0.0924357666667
0.0930598666667
0.0925278
0.0957698333333
0.0940046666667
0.0975356333333
0.0973210333333
0.0926841666667
0.0961768
0.0925904
0.0926952333333
0.0958652666667
0.0937934666667
0.0957414666667
0.0946255
0.0954325333333
0.0944977
0.0987254333333
0.0943547333333
0.094035
0.0939240666667
0.0943631666667
0.0934715333333
0.0930526
0.0948165666667
0.0964569
0.0961675666667
0.0925905666667
0.0949679333333
0.0946197
0.0927947666667
0.0915262333333
0.0909112333333
0.0900011333333
0.0909256
0.0915993666667
0.0905482666667
0.0907976
0.0895554333333
0.0909736333333
0.0902184666667
0.0909533
0.0933602666667
0.0919112666667
0.0924942
0.0918248666667
0.0908277
0.0911728
0.0902272333333
0.0902486666667
0.0901251333333
0.0914190666667
0.0898437666667
0.0942829666667
0.0940064
0.0917567333333
0.0901058
0.0904043333333
0.0928971
0.0922519
0.0915407666667
0.0915096333333
0.0918755666667
0.0925796
0.0912351666667
0.0925422
0.0940512
0.092533
0.0913179666667
0.0917694
0.0911290333333
0.0925748666667
0.0944347
0.0921818333333
0.0913710333333
0.0893743666667
0.0905031
0.0909073666667
0.0911775666667
0.0908062333333
0.0948831333333
0.0921653333333
0.0940027333333
0.0922071
0.0915418
0.0914013
0.0919066666667
0.0917788666667
0.0916286333333
0.0919843333333
0.0896453
0.0920225666667
0.0906111
0.0927312666667
0.0884431666667
0.0913738
0.0924828
0.0893682333333
0.0931699333333
0.0930532
0.0967817666667
0.100653833333
0.0938279333333
0.0925480666667
0.0933036333333
0.0902730666667
0.0930897
0.0923895333333
0.0899855666667
0.0931334
0.0942587
0.0899477666667
0.0886720666667
0.0940849333333
0.0906129666667
0.0936013
0.0916009666667
0.0909975666667
0.091164
0.0944632
0.0951504333333
0.0928017
0.0912121
0.0910419
0.0917749666667
0.0908613
0.0901384333333
0.0901043333333
0.0899787333333
0.0924597
0.0917636
0.0898980333333
0.0900115333333
0.0901701
0.0883611333333
0.0897779333333
0.0920568333333
0.0899260333333
0.0926384
0.0922419
0.0907319333333
0.093243
0.0920851333333
0.0943844
0.0931984333333
0.0925759333333
0.0917259
0.0947486666667
0.0903375333333
0.0919078333333
0.0933415
0.0895214
0.0915462666667
0.0909585333333
0.0897192666667
0.0907797666667
0.0877871333333
0.0873398333333
0.092141
0.0921416666667
0.0900548
0.0902449
0.0897752
0.0900648333333
0.0930431333333
0.0905148333333
0.0930658
0.0904191333333
0.0905336
0.0882056666667
0.088626
0.0883031666667
0.0917241333333
0.0902860333333
0.0919803333333
0.0893868333333
0.0881333
0.0898007
0.0905954
0.0878076333333
0.0910840333333
0.0901502666667
0.0889654
0.0912361666667
0.0909342333333
0.0906620333333
0.0900550666667
