first at GeneralizedLinearAlgorithm.scala:246	count at DataValidators.scala:40	count at GradientDescent.scala:209	treeAggregate at GradientDescent.scala:239
[8.404474, 18.488637, 0.117764, 50.27597100000004]
[8.353865, 19.160116, 0.090679, 49.313581]
[8.395677, 18.835196, 0.097751, 49.779167000000044]
[8.457879, 18.145498, 0.104505, 50.13145599999996]
[8.281617, 16.795509, 0.110059, 49.43506799999997]
[11.359393, 17.01318, 0.102408, 48.645162999999954]
[11.326803, 17.890877, 0.096903, 49.372396000000016]
[11.276712, 18.969909, 0.100443, 48.69892600000003]
[8.290454, 17.624183, 0.096834, 49.499875999999965]
[8.333844, 17.859177, 0.101722, 49.26275099999997]
[11.231947, 18.642322, 0.102695, 53.77920800000001]
[8.301493, 16.353297, 0.091496, 49.63377099999997]
[8.283506, 17.600003, 0.1082, 49.81870999999998]
[8.28744, 16.472306, 0.101888, 50.34922200000006]
[11.322902, 17.325953, 0.10131, 49.52132900000002]
[8.369815, 18.474199, 0.09281, 49.61093400000004]
[8.339392, 18.623104, 0.108215, 49.733731999999954]
[11.347289, 20.69388, 0.13404, 49.230413000000006]
[8.311735, 17.877815, 0.102266, 49.73612900000002]
[8.37749, 19.399094, 0.089506, 49.82167499999999]
[8.31662, 17.248104, 0.109779, 48.83705900000001]
[11.304074, 18.585258, 0.103896, 49.520426]
[8.341273, 16.600429, 0.097876, 50.48589800000007]
[8.308964, 16.730024, 0.097353, 50.061632999999915]
[8.195212, 17.13309, 0.093312, 50.126980999999965]
[8.344841, 17.954366, 0.0909, 49.83397100000003]
[11.254687, 16.360386, 0.11333, 47.91590500000001]
[11.362254, 17.552581, 0.112582, 49.57297500000004]
[8.354814, 19.246107, 0.108862, 50.31683]
[8.28709, 16.647816, 0.101411, 50.36555999999994]
