[0.10055194200000009, 0.031020175794450863, [(0, 0.599249), (7, 0.45219), (5, 0.187712), (4, 0.174582), (27, 0.173208), (1, 0.1678), (2, 0.161552), (133, 0.158695), (6, 0.156396), (120, 0.145078)]]
[0.098627162, 0.025918184039468453, [(0, 0.459389), (8, 0.40462), (1, 0.178606), (2, 0.171515), (7, 0.163078), (6, 0.162166), (143, 0.161396), (3, 0.158441), (156, 0.154558), (27, 0.153238)]]
[0.09955833400000008, 0.027227448604495507, [(0, 0.485852), (8, 0.434447), (19, 0.175904), (7, 0.16931), (1, 0.16559), (28, 0.155337), (54, 0.154974), (2, 0.153176), (67, 0.151292), (3, 0.150322)]]
[0.10026291199999991, 0.02677991117132866, [(0, 0.522596), (8, 0.388704), (1, 0.179493), (64, 0.160142), (51, 0.155023), (13, 0.153358), (6, 0.149305), (4, 0.14746), (7, 0.147197), (26, 0.143094)]]
[0.09887013599999994, 0.023006554002055684, [(0, 0.506117), (3, 0.187818), (1, 0.176995), (9, 0.175718), (28, 0.171412), (2, 0.161393), (4, 0.148738), (6, 0.148568), (29, 0.14516), (23, 0.142489)]]
[0.09729032599999991, 0.030394503586203263, [(5, 0.501843), (0, 0.45721), (8, 0.393006), (1, 0.175121), (6, 0.16398), (2, 0.152883), (28, 0.146277), (7, 0.144758), (3, 0.140581), (259, 0.137478)]]
[0.09874479200000003, 0.023429584630819553, [(0, 0.526558), (28, 0.200547), (1, 0.185098), (9, 0.179781), (6, 0.158619), (4, 0.154933), (14, 0.145496), (5, 0.140476), (2, 0.140368), (25, 0.133736)]]
[0.09739785200000006, 0.026396347881972176, [(8, 0.46573), (0, 0.453826), (1, 0.186073), (28, 0.171686), (6, 0.166599), (3, 0.163066), (12, 0.153644), (21, 0.145345), (7, 0.144972), (4, 0.143511)]]
[0.09899975199999993, 0.02757174734677683, [(0, 0.529267), (8, 0.416523), (28, 0.19117), (1, 0.17409), (3, 0.15573), (25, 0.149963), (6, 0.147964), (4, 0.147923), (14, 0.14777), (2, 0.145347)]]
[0.09852550199999995, 0.025790340754747586, [(0, 0.475318), (8, 0.410092), (28, 0.193709), (1, 0.173701), (3, 0.165996), (9, 0.164234), (6, 0.151731), (41, 0.143092), (21, 0.141855), (7, 0.141097)]]
[0.10755841600000002, 0.02853776850118006, [(0, 0.48387), (19, 0.426744), (8, 0.389198), (1, 0.184637), (6, 0.181329), (3, 0.167235), (28, 0.158199), (7, 0.15277), (4, 0.150706), (5, 0.150221)]]
[0.09926754199999993, 0.023778239025887434, [(0, 0.481918), (63, 0.191369), (1, 0.187423), (14, 0.183573), (9, 0.181121), (99, 0.175366), (111, 0.169541), (147, 0.165376), (87, 0.163915), (3, 0.157671)]]
[0.09963741999999996, 0.021242983180513965, [(0, 0.456341), (9, 0.196327), (1, 0.184677), (10, 0.17536), (3, 0.15862), (4, 0.153731), (23, 0.153047), (7, 0.14951), (29, 0.14771), (6, 0.144988)]]
[0.10069844400000012, 0.026609605144963435, [(0, 0.476408), (8, 0.442237), (1, 0.185049), (28, 0.165589), (57, 0.156959), (4, 0.153847), (194, 0.15264), (69, 0.15068), (6, 0.150385), (143, 0.150235)]]
[0.09904265800000005, 0.029001946546620555, [(0, 0.463932), (8, 0.418611), (10, 0.395529), (28, 0.202805), (1, 0.170559), (2, 0.165597), (3, 0.148619), (4, 0.147996), (9, 0.147771), (6, 0.14582)]]
[0.09922186800000009, 0.02487162576934961, [(0, 0.520386), (8, 0.270566), (9, 0.189806), (330, 0.171602), (28, 0.170718), (13, 0.168024), (1, 0.167465), (7, 0.152391), (26, 0.152197), (2, 0.147302)]]
[0.09946746399999991, 0.026539648253673307, [(0, 0.504465), (8, 0.383924), (4, 0.215333), (28, 0.181381), (195, 0.174054), (2, 0.172447), (1, 0.169448), (53, 0.1608), (9, 0.149241), (91, 0.143582)]]
[0.09846082600000002, 0.028777983502944127, [(0, 0.482251), (12, 0.407438), (8, 0.391182), (1, 0.177667), (151, 0.15766), (4, 0.157276), (6, 0.147213), (455, 0.145541), (7, 0.143872), (28, 0.143636)]]
[0.09947225800000004, 0.02262126485259911, [(0, 0.466506), (3, 0.210399), (1, 0.19766), (16, 0.178531), (74, 0.168088), (15, 0.154631), (4, 0.153599), (10, 0.151847), (136, 0.148641), (6, 0.146737)]]
[0.09964334999999998, 0.027468406865260694, [(0, 0.508954), (8, 0.437619), (1, 0.185275), (7, 0.179538), (3, 0.156732), (5, 0.153766), (2, 0.153521), (4, 0.153361), (40, 0.151915), (6, 0.15081)]]
[0.09767411800000002, 0.022698566793788465, [(0, 0.493345), (1, 0.180446), (9, 0.17646), (10, 0.169579), (4, 0.160905), (3, 0.15603), (2, 0.153235), (6, 0.146036), (324, 0.14204), (261, 0.137328)]]
[0.099040852, 0.02215669154043753, [(0, 0.474777), (6, 0.205506), (28, 0.193142), (1, 0.181404), (9, 0.181158), (4, 0.145336), (197, 0.141736), (2, 0.140515), (7, 0.137795), (5, 0.137004)]]
[0.10097179600000014, 0.02591925222506208, [(0, 0.489491), (8, 0.375877), (1, 0.179951), (99, 0.167114), (36, 0.161449), (74, 0.158343), (23, 0.157098), (11, 0.150902), (29, 0.150699), (7, 0.150216)]]
[0.10012326599999984, 0.027003766474831697, [(0, 0.478389), (8, 0.408527), (1, 0.237162), (26, 0.173806), (192, 0.165086), (13, 0.160949), (3, 0.160874), (2, 0.159347), (38, 0.152091), (140, 0.151011)]]
[0.10025396199999993, 0.02774448289409186, [(0, 0.485445), (8, 0.463399), (28, 0.168349), (57, 0.166102), (1, 0.162706), (93, 0.161014), (4, 0.16068), (45, 0.160378), (2, 0.156591), (167, 0.156105)]]
[0.09966794200000005, 0.0264783103243133, [(0, 0.467085), (8, 0.404669), (68, 0.189971), (5, 0.179873), (1, 0.178904), (133, 0.172516), (2, 0.171009), (4, 0.167269), (3, 0.163618), (81, 0.157343)]]
[0.09583181000000002, 0.024827025424361653, [(0, 0.465697), (8, 0.374149), (1, 0.186008), (4, 0.176795), (28, 0.173717), (18, 0.168253), (9, 0.162275), (2, 0.159242), (6, 0.149912), (5, 0.139552)]]
[0.09914595000000008, 0.02580341808907303, [(0, 0.513056), (8, 0.382549), (1, 0.183611), (28, 0.156706), (3, 0.150935), (319, 0.149259), (6, 0.14606), (259, 0.14255), (2, 0.14227), (5, 0.142187)]]
[0.10063366, 0.027228787119157567, [(0, 0.468067), (8, 0.408921), (2, 0.244255), (1, 0.187098), (69, 0.1743), (46, 0.163273), (105, 0.161727), (7, 0.157086), (34, 0.152539), (28, 0.148449)]]
[0.10073111999999988, 0.023319220617885147, [(0, 0.465153), (14, 0.208358), (2, 0.185542), (28, 0.180025), (9, 0.179211), (146, 0.175824), (62, 0.172538), (1, 0.166632), (26, 0.157874), (5, 0.157464)]]
