[8.573308, 8.20518, 7.976046, 9.69628, 9.525411]
[8.678313, 7.648946, 8.75159, 8.430007, 8.569774]
[8.631766, 8.022088, 8.675352, 9.12, 8.791303]
[8.782826, 8.48445, 8.405342, 8.411524, 8.934142]
[8.875249, 8.341987, 8.514437, 9.132027, 8.692773]
[8.444472, 8.191869, 8.560009, 9.944174, 8.869978]
[8.513734, 8.362477, 8.488873, 9.09916, 8.394057]
[8.616997, 8.302912, 8.309262, 9.308143, 8.354705]
[8.241025, 8.561966, 9.080701, 9.138566, 8.627691]
[8.25105, 8.268735, 8.716085, 8.977634, 8.696071]
[8.559081, 8.526173, 8.655452, 8.556184, 9.096064]
[7.975677, 8.004977, 8.763266, 9.217549, 8.126813]
[8.225722, 7.970622, 8.887544, 8.523015, 8.432898]
[8.276041, 8.459443, 9.015554, 8.549022, 8.61158]
[8.179134, 8.117623, 8.639863, 8.963282, 8.978254]
[9.14425, 8.198896, 8.271537, 8.845869, 8.406173]
[8.176537, 8.030591, 8.683936, 9.326768, 8.951634]
[8.705351, 8.380403, 9.053429, 9.085627, 8.202823]
[8.520835, 8.380466, 8.555135, 8.277136, 9.163863]
[8.620405, 8.757807, 8.314683, 8.293502, 8.876234]
[8.372784, 8.20372, 8.680785, 8.611336, 9.839809]
[8.529718, 7.996848, 8.421822, 8.665869, 8.397482]
[8.335842, 8.468845, 8.836634, 8.222628, 9.277296]
[8.174821, 8.442198, 8.710635, 8.280595, 8.680396]
[8.347133, 8.589179, 8.751419, 8.99649, 8.88013]
[8.764291, 8.079611, 8.291435, 8.804883, 8.467816]
[8.483255, 8.357949, 8.97612, 9.332916, 8.423738]
[8.41346, 8.082538, 8.118248, 8.708871, 8.622471]
[9.129943, 8.040919, 8.495225, 9.184523, 8.710137]
[8.389102, 8.769561, 8.824188, 9.138058, 9.724201]
