first at GeneralizedLinearAlgorithm.scala:246	count at DataValidators.scala:40	count at GradientDescent.scala:209	treeAggregate at GradientDescent.scala:239
[4.361743, 8.602792, 0.403927, 43.976225]
[4.069863, 6.593453, 0.413212, 42.07863]
[4.29434, 7.07185, 0.386281, 43.240509]
[4.280447, 7.000094, 0.357246, 43.018284]
[4.084503, 8.053594, 0.437332, 43.556473000000004]
[4.297023, 8.399699, 0.437718, 44.010502]
[4.174489, 7.814239, 0.446276, 42.858301]
[4.161864, 6.475893, 0.411094, 42.89201899999999]
[4.285193, 8.077972, 0.418191, 43.64994899999999]
[4.366718, 8.447641, 0.411712, 42.909575000000004]
[4.438997, 8.348504, 0.433048, 43.392953999999996]
[4.189531, 7.893078, 0.424975, 42.088282]
[4.322267, 7.21063, 0.415257, 42.039801000000004]
[4.312319, 7.292886, 0.43409, 42.911640000000006]
[4.180895, 7.57814, 0.41727, 42.878156]
[4.136257, 7.696398, 0.367627, 42.866725]
[4.252109, 7.873851, 0.435811, 43.16946599999999]
[4.452056, 8.2645, 0.378287, 43.42763300000001]
[4.138747, 7.81875, 0.44901, 42.897435]
[4.366955, 6.842433, 0.441083, 42.86263099999999]
[4.312547, 7.96097, 0.53117, 43.708434000000004]
[4.228413, 8.159461, 0.358094, 42.011739000000006]
[4.413625, 6.675348, 0.40334, 43.141245000000005]
[4.09481, 6.491825, 0.367311, 42.288645]
[4.423825, 8.461228, 0.414367, 43.564351]
[4.006321, 8.050802, 0.406289, 42.408035999999996]
[4.248703, 7.690121, 0.4148, 43.573978]
[4.163818, 7.831779, 0.433947, 41.945588]
[4.239549, 6.846125, 0.422366, 43.56074699999999]
[4.318336, 6.789057, 0.399184, 44.84511]
