[8.795245, 0.69476991825726, [(3, 9.69628), (4, 9.525411), (0, 8.573308), (1, 8.20518), (2, 7.976046)]]
[8.415726, 0.3984075452925059, [(2, 8.75159), (0, 8.678313), (4, 8.569774), (3, 8.430007), (1, 7.648946)]]
[8.648101800000001, 0.3566783437207252, [(3, 9.12), (4, 8.791303), (2, 8.675352), (0, 8.631766), (1, 8.022088)]]
[8.6036568, 0.21530262587753077, [(4, 8.934142), (0, 8.782826), (1, 8.48445), (3, 8.411524), (2, 8.405342)]]
[8.7112946, 0.2754562997831785, [(3, 9.132027), (0, 8.875249), (4, 8.692773), (2, 8.514437), (1, 8.341987)]]
[8.8021004, 0.6112001564766161, [(3, 9.944174), (4, 8.869978), (2, 8.560009), (0, 8.444472), (1, 8.191869)]]
[8.5716602, 0.2697279043565198, [(3, 9.09916), (0, 8.513734), (2, 8.488873), (4, 8.394057), (1, 8.362477)]]
[8.578403799999998, 0.3827225963014987, [(3, 9.308143), (0, 8.616997), (4, 8.354705), (2, 8.309262), (1, 8.302912)]]
[8.729989799999998, 0.3369618597107987, [(3, 9.138566), (2, 9.080701), (4, 8.627691), (1, 8.561966), (0, 8.241025)]]
[8.581915, 0.28113344476315894, [(3, 8.977634), (2, 8.716085), (4, 8.696071), (1, 8.268735), (0, 8.25105)]]
[8.678590799999998, 0.21322123699237838, [(4, 9.096064), (2, 8.655452), (0, 8.559081), (3, 8.556184), (1, 8.526173)]]
[8.4176564, 0.49183617753865955, [(3, 9.217549), (2, 8.763266), (4, 8.126813), (1, 8.004977), (0, 7.975677)]]
[8.407960200000002, 0.3060508404866095, [(2, 8.887544), (3, 8.523015), (4, 8.432898), (0, 8.225722), (1, 7.970622)]]
[8.582328, 0.24436128408976746, [(2, 9.015554), (4, 8.61158), (3, 8.549022), (1, 8.459443), (0, 8.276041)]]
[8.5756312, 0.3697257163971151, [(4, 8.978254), (3, 8.963282), (2, 8.639863), (0, 8.179134), (1, 8.117623)]]
[8.573345, 0.3631662015248665, [(0, 9.14425), (3, 8.845869), (4, 8.406173), (2, 8.271537), (1, 8.198896)]]
[8.6338932, 0.480975513824727, [(3, 9.326768), (4, 8.951634), (2, 8.683936), (0, 8.176537), (1, 8.030591)]]
[8.685526600000001, 0.3526836229742459, [(3, 9.085627), (2, 9.053429), (0, 8.705351), (1, 8.380403), (4, 8.202823)]]
[8.579487, 0.30872443117641296, [(4, 9.163863), (2, 8.555135), (0, 8.520835), (1, 8.380466), (3, 8.277136)]]
[8.572526199999999, 0.23375089394087872, [(4, 8.876234), (1, 8.757807), (0, 8.620405), (2, 8.314683), (3, 8.293502)]]
[8.7416868, 0.5748165412001992, [(4, 9.839809), (2, 8.680785), (3, 8.611336), (0, 8.372784), (1, 8.20372)]]
[8.402347800000001, 0.2238301136901827, [(3, 8.665869), (0, 8.529718), (2, 8.421822), (4, 8.397482), (1, 7.996848)]]
[8.628249, 0.384740484207212, [(4, 9.277296), (2, 8.836634), (1, 8.468845), (0, 8.335842), (3, 8.222628)]]
[8.457729, 0.2122247111464639, [(2, 8.710635), (4, 8.680396), (1, 8.442198), (3, 8.280595), (0, 8.174821)]]
[8.712870200000001, 0.22758086652915271, [(3, 8.99649), (4, 8.88013), (2, 8.751419), (1, 8.589179), (0, 8.347133)]]
[8.4816072, 0.27654076781292136, [(3, 8.804883), (0, 8.764291), (4, 8.467816), (2, 8.291435), (1, 8.079611)]]
[8.714795599999999, 0.3784252483197181, [(3, 9.332916), (2, 8.97612), (0, 8.483255), (4, 8.423738), (1, 8.357949)]]
[8.3891176, 0.25481365343372053, [(3, 8.708871), (4, 8.622471), (0, 8.41346), (2, 8.118248), (1, 8.082538)]]
[8.712149399999998, 0.4231545356323622, [(3, 9.184523), (0, 9.129943), (4, 8.710137), (2, 8.495225), (1, 8.040919)]]
[8.969021999999999, 0.4463042181772433, [(4, 9.724201), (3, 9.138058), (2, 8.824188), (1, 8.769561), (0, 8.389102)]]
