[7.296429, 6.522125, 7.321081, 7.771293, 8.459877]
[7.130387, 6.356809, 6.543476, 8.164693, 6.971221]
[6.853297, 6.423036, 7.472854, 7.829743, 9.364043]
[6.678225, 6.262071, 6.516996, 6.933456, 7.897191]
[7.008992, 6.673159, 6.647433, 8.238487, 6.744587]
[6.9484, 6.356328, 6.574721, 8.084014, 7.130376]
[7.032825, 7.389737, 7.617324, 6.5077, 7.903049]
[6.760406, 6.312056, 6.441248, 7.816239, 7.52107]
[6.78458, 6.267226, 7.625733, 7.412725, 6.30674]
[6.965423, 6.371219, 7.602959, 7.526443, 9.359793]
[6.69416, 6.613839, 7.772808, 6.762873, 7.875625]
[6.618754, 6.31722, 6.304856, 6.428466, 7.342267]
[7.109345, 6.305821, 7.987779, 7.098479, 6.620859]
[6.942528, 6.323441, 7.312186, 6.437944, 7.736765]
[6.839487, 6.242887, 6.729508, 8.156036, 7.590065]
[6.91203, 6.280247, 6.857116, 6.551928, 8.307927]
[7.013988, 6.310932, 7.868362, 7.21602, 6.76737]
[6.893057, 6.19597, 6.457202, 7.888047, 6.408375]
[6.741274, 6.374852, 6.357843, 7.832895, 8.602384]
[6.690656, 7.985476, 7.733998, 8.460645, 7.848485]
[6.862322, 7.716371, 6.384408, 7.431361, 8.032876]
[6.62626, 6.32074, 10.617037, 8.424184, 7.464276]
[7.047888, 6.376555, 7.998711, 6.749865, 8.513945]
[6.63076, 6.271433, 6.519816, 7.862963, 7.714695]
[7.260632, 6.332584, 7.949356, 6.445431, 7.695348]
[7.130815, 6.562774, 8.172582, 7.779165, 8.716231]
[6.956408, 6.531279, 6.514568, 8.021924, 7.009329]
[6.962656, 6.33904, 8.108666, 6.660402, 7.490245]
[7.22953, 6.411539, 8.794272, 6.473029, 7.634095]
[6.639982, 6.383882, 7.15319, 6.571433, 8.500718]
