first at GeneralizedLinearAlgorithm.scala:246	count at DataValidators.scala:40	count at GradientDescent.scala:209	treeAggregate at GradientDescent.scala:239
[7.83812, 21.470432, 0.524889, 37.370805]
[7.565854, 21.963291, 0.354312, 35.166586]
[7.353338, 20.941357, 0.617433, 37.942973]
[10.568663, 22.001848, 0.38425, 34.287939]
[10.576283, 21.659071, 0.255353, 35.312658]
[7.365794, 21.146849, 0.357519, 35.093839]
[7.592562, 21.99298, 0.272769, 36.450635]
[7.355127, 20.941942, 0.392123, 34.851019]
[7.471891, 21.595211, 0.386905, 34.397003999999995]
[7.453343, 21.223561, 0.239382, 37.82583700000001]
[7.273888, 20.954591, 0.54628, 35.719305]
[7.364505, 20.728588, 0.461965, 33.011562999999995]
[7.316896, 20.759233, 0.588099, 35.122283]
[7.51421, 22.031719, 0.243008, 34.752863999999995]
[7.451477, 20.978438, 0.551398, 35.557983]
[7.445709, 20.712468, 0.244507, 34.909248000000005]
[7.388979, 20.349097, 0.334012, 35.176671999999996]
[7.505985, 21.630057, 0.345549, 33.842651000000004]
[7.259609, 20.987, 0.597087, 35.909248000000005]
[7.540547, 21.96189, 0.23916, 38.71926]
[10.578032, 21.439118, 0.358975, 36.427338]
[7.438297, 20.837493, 0.554555, 39.452497]
[7.538063, 21.739657, 0.493013, 36.686964]
[7.329973, 21.350213, 0.425409, 34.999667]
[7.374383, 20.921211, 0.255329, 35.683351]
[7.39974, 20.337342, 0.224171, 38.361567]
[7.404251, 20.99636, 0.334158, 35.033508]
[7.297335, 20.800265, 0.236765, 35.561009]
[10.539965, 22.251804, 0.24883, 36.542465]
[7.404077, 21.213992, 0.709105, 35.249204999999996]
