[7.474161, 0.6358172935049818, [(4, 8.459877), (3, 7.771293), (2, 7.321081), (0, 7.296429), (1, 6.522125)]]
[7.033317200000001, 0.6310146481400886, [(3, 8.164693), (0, 7.130387), (4, 6.971221), (2, 6.543476), (1, 6.356809)]]
[7.5885946, 1.0122208127650016, [(4, 9.364043), (3, 7.829743), (2, 7.472854), (0, 6.853297), (1, 6.423036)]]
[6.8575878, 0.5637986953789093, [(4, 7.897191), (3, 6.933456), (0, 6.678225), (2, 6.516996), (1, 6.262071)]]
[7.0625316, 0.6017880406886129, [(3, 8.238487), (0, 7.008992), (4, 6.744587), (1, 6.673159), (2, 6.647433)]]
[7.018767800000001, 0.598023667326436, [(3, 8.084014), (4, 7.130376), (0, 6.9484), (2, 6.574721), (1, 6.356328)]]
[7.290127, 0.48395242256362364, [(4, 7.903049), (2, 7.617324), (1, 7.389737), (0, 7.032825), (3, 6.5077)]]
[6.9702038, 0.5960196325331575, [(3, 7.816239), (4, 7.52107), (0, 6.760406), (2, 6.441248), (1, 6.312056)]]
[6.879400799999999, 0.5573393610336167, [(2, 7.625733), (3, 7.412725), (0, 6.78458), (4, 6.30674), (1, 6.267226)]]
[7.565167400000002, 1.000881107380412, [(4, 9.359793), (2, 7.602959), (3, 7.526443), (0, 6.965423), (1, 6.371219)]]
[7.143860999999999, 0.5584548408840238, [(4, 7.875625), (2, 7.772808), (3, 6.762873), (0, 6.69416), (1, 6.613839)]]
[6.602312599999999, 0.3867256633592344, [(4, 7.342267), (0, 6.618754), (3, 6.428466), (1, 6.31722), (2, 6.304856)]]
[7.024456600000001, 0.5692106026439071, [(2, 7.987779), (0, 7.109345), (3, 7.098479), (4, 6.620859), (1, 6.305821)]]
[6.950572799999999, 0.5300961387753734, [(4, 7.736765), (2, 7.312186), (0, 6.942528), (3, 6.437944), (1, 6.323441)]]
[7.1115966, 0.6774182418366368, [(3, 8.156036), (4, 7.590065), (0, 6.839487), (2, 6.729508), (1, 6.242887)]]
[6.981849600000001, 0.7008556639961181, [(4, 8.307927), (0, 6.91203), (2, 6.857116), (3, 6.551928), (1, 6.280247)]]
[7.035334399999999, 0.51450980437601, [(2, 7.868362), (3, 7.21602), (0, 7.013988), (4, 6.76737), (1, 6.310932)]]
[6.768530200000001, 0.6038686923871448, [(3, 7.888047), (0, 6.893057), (2, 6.457202), (4, 6.408375), (1, 6.19597)]]
[7.181849600000001, 0.8906308951534526, [(4, 8.602384), (3, 7.832895), (0, 6.741274), (1, 6.374852), (2, 6.357843)]]
[7.7438519999999995, 0.581797446306874, [(3, 8.460645), (1, 7.985476), (4, 7.848485), (2, 7.733998), (0, 6.690656)]]
[7.2854676, 0.5927128380990578, [(4, 8.032876), (1, 7.716371), (3, 7.431361), (0, 6.862322), (2, 6.384408)]]
[7.8904994, 1.5467991956035663, [(2, 10.617037), (3, 8.424184), (4, 7.464276), (0, 6.62626), (1, 6.32074)]]
[7.337392800000001, 0.7967217913275374, [(4, 8.513945), (2, 7.998711), (0, 7.047888), (3, 6.749865), (1, 6.376555)]]
[6.999933400000001, 0.6562345289850572, [(3, 7.862963), (4, 7.714695), (0, 6.63076), (2, 6.519816), (1, 6.271433)]]
[7.1366702, 0.6499710563157101, [(2, 7.949356), (4, 7.695348), (0, 7.260632), (3, 6.445431), (1, 6.332584)]]
[7.6723134, 0.758386193111821, [(4, 8.716231), (2, 8.172582), (3, 7.779165), (0, 7.130815), (1, 6.562774)]]
[7.0067015999999995, 0.5479844887828854, [(3, 8.021924), (4, 7.009329), (0, 6.956408), (1, 6.531279), (2, 6.514568)]]
[7.112201799999999, 0.6261187966360375, [(2, 8.108666), (4, 7.490245), (0, 6.962656), (3, 6.660402), (1, 6.33904)]]
[7.308493, 0.8743360484420161, [(2, 8.794272), (4, 7.634095), (0, 7.22953), (3, 6.473029), (1, 6.411539)]]
[7.049840999999999, 0.7689063777802865, [(4, 8.500718), (2, 7.15319), (0, 6.639982), (3, 6.571433), (1, 6.383882)]]
