[0.21820078199999993, 0.22312279799999982, 0.22330125000000006, 0.2221970279999998, 0.22911011399999995, 0.21996419000000003, 0.22411434199999972, 0.22033368399999997, 0.22338860999999985, 0.2229731240000002, 0.22850260800000033, 0.2239615340000002, 0.1913040660000001, 0.23361899599999988, 0.21701819000000022, 0.19244997, 0.22261559000000006, 0.19303428400000008, 0.224277096, 0.22267014000000013, 0.22493310400000005, 0.19301278600000008, 0.22186754799999997, 0.19385261400000006, 0.19443851199999998, 0.22862960999999993, 0.23337839199999985, 0.19541118800000032, 0.22297340800000015, 0.224019366]
[0.42733319999999997, 0.42492610000000003, 0.4269496333333333, 0.4666879666666667, 0.4355263333333334, 0.39768393333333335, 0.43933956666666674, 0.4589815, 0.42297593333333333, 0.41785970000000006, 0.45161566666666675, 0.4167942000000001, 0.40217579999999997, 0.4751363333333334, 0.4354968666666666, 0.40274723333333345, 0.4345444333333333, 0.4124444333333333, 0.4366189333333334, 0.4402795000000001, 0.4492784333333333, 0.41649956666666677, 0.4298527666666665, 0.3937159666666667, 0.4277612, 0.4294120999999999, 0.41071953333333333, 0.4475323333333334, 0.4236569, 0.4306626666666667]
[0.20485190425531905, 0.21024173617021255, 0.21030241702127667, 0.20659122340425531, 0.21593461063829783, 0.20862037659574476, 0.21037656170212746, 0.20510084468085116, 0.2106489936170212, 0.21053355531914905, 0.21426134893617038, 0.2116530659574469, 0.17784416808510645, 0.2182029957446808, 0.20307274255319158, 0.17902674042553202, 0.2090882170212767, 0.179029380851064, 0.21072336170212763, 0.20878018085106384, 0.21061318936170217, 0.17874767234042552, 0.20859189574468084, 0.18109537872340428, 0.17954557446808492, 0.21581370638297862, 0.2220587446808509, 0.17931834893617055, 0.21016382340425535, 0.2108293680851065]
[0.08876342094269736, 0.07751734960134532, 0.07642873553181091, 0.09200638972340569, 0.08484452846403825, 0.07148502038112528, 0.08333135284264281, 0.09437177930869033, 0.08340609913855156, 0.08081155090228515, 0.0959682670930675, 0.08004034431535664, 0.07970937363927562, 0.09807632138352236, 0.08562241188853474, 0.08729670524319401, 0.07993947193079208, 0.0832594823893792, 0.08399147990146855, 0.08865055552893285, 0.09710006747685185, 0.08244958385629489, 0.08659634911052375, 0.09688707912388017, 0.08211527404994674, 0.08363595189707537, 0.07134616206646537, 0.09251932529155546, 0.07756514236427037, 0.08451987540298464]
[0.2740657282465163, 0.2063861651917508, 0.20518834746649775, 0.257611197920624, 0.24156397123651438, 0.19660184952129917, 0.22948982298592727, 0.2746218735409047, 0.25909465333515125, 0.23443548970610945, 0.2812924412864464, 0.24452713081692998, 0.22349633272179956, 0.2904079251063158, 0.25244230718439853, 0.24286154846697922, 0.21581227156299262, 0.2126587127035058, 0.2386186527321971, 0.2501616334172435, 0.29997583738880074, 0.22964570745036555, 0.2533032295604991, 0.30255838025781434, 0.21331409228574966, 0.23589875595480223, 0.19659934210380486, 0.25331297660119106, 0.20157823770360234, 0.24674546284532886]
[0.02485148253553973, 0.030137693366157303, 0.026658295134162964, 0.026655528707326567, 0.03225179009670649, 0.02871265008024366, 0.029669505519537277, 0.02816589323585795, 0.020267075178826727, 0.02932941813555708, 0.03697283603722726, 0.021766921731514143, 0.023480086374470563, 0.029813742801714636, 0.022140446441512106, 0.03659645370397369, 0.02784803882517081, 0.03491478731897733, 0.028438290163855497, 0.03391926121867167, 0.029475683404422717, 0.021773507556424175, 0.03073629560833857, 0.03782529661490447, 0.023921055824955236, 0.03394096919093754, 0.02850452721800601, 0.02634534738474563, 0.032740955991850666, 0.028527426652531718]
0.21695583079999997
0.4295069577777779
0.20338873758865247
0.08500851502633215
0.2421423359100687
0.028879375401804002
