[[1, 1.68298], [7, 0.63249], [8, 0.576287], [9, 0.669405], [10, 0.640441], [11, 0.593758], [12, 0.582203], [15, 0.552548], [23, 0.567996], [118, 0.571143]]
[[1, 0.950555], [4, 0.661683], [5, 0.679581], [6, 0.737716], [7, 0.534748], [8, 0.975781], [10, 0.605816], [11, 0.578796], [12, 0.605883], [134, 0.55236], [162, 0.505568]]
[[1, 1.195762], [2, 0.684615], [4, 0.683902], [5, 0.474396], [9, 0.585099], [10, 0.653318], [11, 0.622921], [12, 0.586783], [18, 0.519685], [24, 0.501959], [27, 0.539903], [29, 0.508851], [141, 0.573498], [174, 0.452719]]
[[1, 0.898897], [2, 0.822997], [4, 0.678991], [5, 1.022368], [7, 0.951382], [8, 1.023156], [9, 0.667613], [10, 0.65307], [11, 0.676598], [13, 0.604567], [23, 0.503366], [123, 0.56341]]
[[1, 1.174463], [2, 0.783582], [3, 0.497787], [5, 0.836754], [6, 0.814406], [7, 0.579119], [8, 0.611452], [9, 0.907529], [11, 0.515408], [12, 0.587359], [117, 0.605278], [158, 0.525921]]
[[1, 0.905927], [2, 0.827717], [3, 0.655821], [4, 0.733981], [5, 0.694326], [6, 0.582636], [9, 0.535945], [11, 0.55432], [14, 0.602287], [129, 0.531598], [169, 0.521621]]
[[1, 1.187295], [3, 1.023113], [6, 0.617602], [7, 0.647226], [8, 0.58724], [10, 0.648519], [11, 0.604988], [12, 0.511578], [13, 0.587061], [14, 0.569085], [15, 0.528783], [136, 0.611221]]
[[1, 1.131101], [2, 0.746214], [3, 0.611843], [4, 0.993592], [5, 1.044437], [6, 0.585243], [7, 1.024251], [8, 0.632049], [9, 0.607858], [11, 0.642065], [137, 0.575888]]
[[1, 1.294194], [2, 0.733416], [3, 1.041571], [6, 0.738248], [7, 0.645816], [10, 0.569599], [11, 0.63847], [15, 0.714995], [159, 0.488176]]
[[1, 1.235682], [2, 0.810005], [3, 0.745977], [4, 0.718604], [5, 0.745839], [7, 0.632409], [9, 0.617808], [11, 0.528143], [12, 0.553287], [122, 0.550361], [168, 0.490851]]
[[1, 1.560727], [3, 0.992875], [7, 0.549824], [9, 0.611519], [10, 0.642483], [13, 0.954335], [19, 0.560895], [20, 0.608025], [24, 0.522424], [132, 0.616095], [169, 0.523114]]
[[1, 1.215981], [2, 0.676532], [4, 0.672406], [7, 0.590175], [8, 0.990178], [11, 0.570333], [15, 0.778022], [17, 0.658479], [167, 0.47878]]
[[1, 0.862642], [2, 0.850193], [4, 0.580292], [5, 0.690682], [7, 1.034103], [8, 0.618697], [10, 0.58263], [11, 0.641162], [20, 0.554149], [153, 0.494146]]
[[1, 1.476931], [3, 0.676948], [4, 1.008725], [5, 0.747159], [6, 0.643157], [8, 0.616081], [10, 0.580795], [12, 0.635601], [13, 0.567354], [14, 0.550357], [15, 1.090643], [136, 0.648567]]
[[1, 1.205768], [2, 0.705256], [3, 0.70965], [4, 0.765985], [6, 1.120067], [8, 0.541178], [9, 0.558029], [11, 0.565547], [15, 0.607524], [18, 0.609565]]
[[1, 1.091946], [2, 0.752767], [3, 1.099479], [5, 0.634619], [7, 0.633576], [9, 0.57564], [10, 0.549905], [11, 0.634548], [15, 0.577144], [31, 0.462952], [164, 0.550685], [182, 0.593654]]
[[1, 1.160647], [2, 0.723819], [3, 0.696436], [4, 0.678549], [5, 0.66491], [6, 0.656369], [8, 0.653914], [9, 0.597622], [11, 0.611156], [12, 0.541544], [23, 0.508874], [137, 0.535241]]
[[1, 0.894405], [2, 0.762818], [3, 0.690499], [4, 0.674586], [6, 0.762884], [7, 0.625556], [8, 0.566185], [9, 0.622027], [10, 0.63482], [14, 0.554001], [15, 0.668018], [164, 0.454435], [165, 0.473215], [175, 0.507731], [178, 0.501171]]
[[1, 1.312626], [2, 0.490851], [3, 0.691297], [4, 0.693363], [5, 0.751844], [6, 0.628741], [7, 0.65067], [8, 0.602875], [9, 0.619633], [10, 0.524485], [12, 0.597089], [17, 0.606857], [135, 0.577038], [164, 0.509504]]
[[1, 1.388337], [2, 0.694473], [4, 0.71351], [5, 0.78229], [6, 0.737644], [7, 0.654486], [8, 0.598808], [10, 0.597698], [11, 0.514352], [14, 0.619258], [27, 0.513869], [133, 0.565374], [380, 0.687782]]
[[1, 1.603846], [2, 1.217751], [4, 0.673113], [5, 0.716507], [7, 0.606683], [8, 0.62969], [9, 0.608184], [11, 0.584094], [12, 0.573283], [123, 0.601739]]
[[1, 1.105097], [5, 0.765641], [7, 0.574363], [8, 0.628094], [9, 0.917397], [10, 0.674313], [11, 0.586756], [12, 0.538472], [14, 0.583822], [15, 0.649638]]
[[1, 1.210486], [2, 1.115966], [4, 0.792173], [8, 0.633589], [11, 0.594935], [12, 0.595786], [14, 0.531043], [16, 0.709715], [23, 0.622275], [175, 0.555367], [185, 0.559754]]
[[1, 1.753386], [2, 0.763885], [3, 0.728078], [4, 0.664996], [6, 0.646956], [8, 0.563893], [13, 0.584764], [152, 0.52639], [165, 0.555317], [170, 0.508688]]
[[1, 0.912543], [2, 0.478804], [3, 0.705463], [4, 0.667857], [5, 0.798261], [7, 0.907632], [8, 0.586548], [9, 0.621526], [10, 0.657796], [11, 0.575524], [12, 0.530753], [13, 0.470525], [171, 0.463095]]
[[1, 0.948455], [3, 0.730416], [4, 0.963437], [5, 0.67217], [6, 0.688039], [7, 0.969782], [8, 0.654484], [9, 0.622893], [10, 0.635368], [131, 0.586852], [162, 0.509008], [184, 0.500434]]
[[1, 1.100999], [2, 0.488452], [4, 0.622161], [5, 0.828992], [7, 0.540774], [8, 0.625245], [9, 0.620455], [11, 0.549877], [13, 0.508455], [20, 0.47819], [23, 0.451929], [159, 0.580386], [170, 0.505994]]
[[1, 1.198967], [2, 0.687856], [5, 0.725071], [6, 1.125788], [7, 0.573882], [8, 0.625873], [9, 0.66996], [10, 0.527213], [11, 0.610664], [12, 0.573948], [14, 0.64963]]
[[1, 0.899971], [2, 0.716246], [3, 0.711039], [4, 0.69097], [5, 0.696978], [6, 0.674543], [7, 0.548079], [8, 0.643371], [9, 0.590359], [11, 0.658723], [12, 0.560014], [20, 0.473904], [136, 0.661741], [175, 0.560812]]
[[1, 1.384778], [2, 0.701872], [4, 0.620603], [5, 0.755522], [7, 0.531705], [8, 0.680999], [9, 0.617804], [10, 0.61798], [11, 0.622295], [12, 0.544427], [15, 0.58569], [129, 0.563002], [149, 0.504182]]
