1.1981798
0.678426733333
0.6085523
0.6277491
0.652496166667
0.549142133333
0.5974979
0.589926333333
0.536801933333
0.484481633333
0.531286133333
0.435590166667
0.3526442
0.392075766667
0.4470628
0.3006223
0.300808933333
0.3064989
0.276405566667
0.305244666667
0.269680266667
0.2701094
0.335749933333
0.322253
0.262495066667
0.242068233333
0.2656157
0.251866566667
0.2508132
0.2430639
0.2568613
0.245449233333
0.2433212
0.237498566667
0.251181566667
0.254326
0.2735215
0.248426866667
0.228915066667
0.236573466667
0.2321601
0.2276939
0.225354533333
0.222704633333
0.225786566667
0.219059333333
0.2268013
0.231912833333
0.230554566667
0.246124433333
0.243525933333
0.2238928
0.229401433333
0.2208125
0.222512033333
0.218666766667
0.223574233333
0.218750766667
0.2255462
0.222803
0.2218775
0.224435933333
0.233147433333
0.2335149
0.2283497
0.236200166667
0.236888266667
0.240797166667
0.239992433333
0.241003666667
0.2267557
0.220992433333
0.218467433333
0.222650766667
0.217946733333
0.221268333333
0.218420733333
0.217736766667
0.215190466667
0.2141772
0.2177527
0.223278766667
0.221406266667
0.2227429
0.222776833333
0.223661333333
0.223676133333
0.222132333333
0.220166766667
0.218564433333
0.2235072
0.221075133333
0.213191466667
0.215676733333
0.2120921
0.2145965
0.216808466667
0.212742933333
0.220472633333
0.2205872
0.2156996
0.217207366667
0.215965433333
0.2175559
0.223156833333
0.216917666667
0.2180585
0.217741566667
0.217198766667
0.2166474
0.213406366667
0.2162188
0.217619533333
0.2185807
0.219627166667
0.2123102
0.2267995
0.2238631
0.211411166667
0.219208633333
0.2093758
0.222078366667
0.237405533333
0.208933866667
0.207105533333
0.213406133333
0.213939766667
0.2089224
0.233340966667
0.208102533333
0.219241433333
0.2225803
0.221868433333
0.2193133
0.220038733333
0.2530567
0.2305891
0.211473833333
0.2109688
0.2126666
0.221317
0.207673533333
0.206703633333
0.206009933333
0.214440333333
0.2111397
0.211246966667
0.208774833333
0.211696066667
0.208826366667
0.206076566667
0.2246684
0.218251333333
0.2164949
0.219743
0.205275233333
0.206283533333
0.2162895
0.228410033333
0.228008766667
0.2089706
0.2281987
0.2126882
0.238610433333
0.235866666667
0.200464666667
0.215403266667
0.2157749
0.233659133333
0.2226556
0.214761133333
0.214356533333
0.2177779
0.2131952
0.2388863
0.2030467
0.1985693
0.221368466667
0.219615166667
0.2102827
0.203383566667
0.2211351
0.212988833333
0.221153133333
0.216863866667
0.200458166667
0.202282766667
0.201032033333
0.196283766667
0.197102533333
0.2007138
0.200500566667
0.199285666667
0.197524066667
0.203775366667
0.198202866667
0.200369166667
0.199360666667
0.196162
0.198944533333
0.2018283
0.2075085
0.202228266667
0.200443433333
0.202423266667
0.198559733333
0.200190466667
0.2035896
0.199615466667
0.200993766667
0.195764833333
0.198454133333
0.195792733333
0.2031443
0.203856033333
0.1972161
0.197728133333
0.195445233333
0.1996482
0.197185066667
0.199539933333
0.202823366667
0.198160233333
0.199554566667
0.197240533333
0.194753366667
0.201034366667
0.200558933333
0.1987815
0.200343733333
0.2030221
0.201587
0.200413433333
0.196928933333
0.1969734
0.1964679
0.1958609
0.198336433333
0.200874633333
0.199695633333
0.206043566667
0.195662333333
0.1981035
0.200014666667
0.199757466667
0.1993423
0.197136266667
0.1972737
0.199873566667
0.2098062
0.198583733333
0.1972952
0.1947846
0.194587
0.1984766
0.1960295
0.200042366667
0.196641866667
0.1953133
0.1967383
0.197334633333
0.197163466667
0.196372366667
0.1989913
0.197865433333
0.198166833333
0.195115333333
0.198583
0.193308766667
0.192894533333
0.200754933333
0.1990294
0.198908666667
0.196818266667
0.203332866667
0.196214033333
0.1921146
0.1928622
0.195477966667
0.193837033333
0.193513333333
0.193805266667
0.192861733333
0.197672033333
0.1915968
0.190921666667
0.192976533333
0.192397833333
0.1966439
0.196935733333
0.195420633333
0.197552333333
0.196047266667
0.191834066667
0.195794733333
0.194490633333
0.197113733333
0.1980148
0.192044266667
0.1946535
0.195795633333
0.199122066667
0.196355066667
0.1974542
0.195773233333
0.194442266667
0.195518066667
0.197033233333
0.196641566667
0.1932431
0.194408833333
0.192411933333
0.192068333333
0.191339566667
0.196558933333
0.195989766667
0.1939458
0.1946584
0.195829
0.200973866667
0.194247633333
0.193124133333
0.191680333333
0.190896233333
0.192879566667
0.195171566667
0.1948529
0.192510933333
0.1928446
0.192789133333
0.195688733333
0.196985766667
0.191459366667
0.191498466667
0.192762233333
0.1917324
0.190605833333
0.1911418
0.192207533333
0.1940615
0.1944888
0.197026766667
0.191552833333
0.188859933333
0.200004633333
0.1964536
0.190744766667
0.189458833333
0.193654933333
0.192336233333
0.193700533333
0.192223566667
0.192507633333
0.189664
0.191707766667
0.1956177
0.1899595
0.1930425
0.193967966667
0.196409433333
0.196315133333
0.1933446
0.191236533333
0.1910642
0.1930137
0.192264466667
0.190733366667
0.194083566667
0.191491633333
0.191886866667
0.195809466667
0.193892766667
0.1940263
0.192956333333
0.190928766667
0.1880748
0.194699366667
0.1907623
0.186007333333
0.208171066667
0.189477233333
0.191179133333
0.190576733333
0.194482133333
0.195564933333
0.190894233333
0.196187266667
0.193665433333
0.195216366667
0.194539533333
0.192979566667
0.193266133333
0.192426433333
0.200026366667
0.192280233333
0.190560233333
0.1923941
0.189850233333
0.192696166667
0.1933374
0.1948495
0.192420566667
0.1913471
0.191435633333
0.1888496
0.192992033333
0.191596866667
0.188037766667
0.1919726
0.192287333333
0.1925891
0.1924339
0.193710833333
0.190815
0.190825766667
0.189200933333
0.1875316
0.1912364
0.193160633333
0.194757266667
0.190668633333
0.189541366667
0.190093433333
0.1860884
0.192827133333
0.190611533333
0.189535333333
0.1912613
0.190737066667
0.196689233333
0.192738333333
0.191846433333
0.19031
0.188018866667
0.1896927
0.189005033333
0.192797466667
0.1933578
0.1926722
0.192600933333
0.1919065
0.190509466667
0.189240233333
0.1888066
0.1879473
0.190494966667
0.1911811
0.192858966667
0.191434766667
0.194254366667
0.189298
0.1924069
0.191371766667
0.193315633333
0.1894406
0.188950966667
0.189202433333
0.188322766667
0.186873933333
0.1875169
0.191019066667
0.189176166667
0.189105066667
0.189479066667
0.193843466667
0.191315866667
0.1909403
0.192020966667
0.1916742
0.1883699
0.195244566667
0.190649866667
0.188059166667
0.188286233333
0.1907652
0.190414533333
0.1927647
0.192944133333
0.1882544
0.189665333333
0.1899839
0.188487033333
0.194330066667
0.186267433333
0.1873795
0.189604233333
0.1893318
0.1906568
0.188074133333
0.189804333333
0.191256766667
0.189061966667
0.191913933333
0.1874316
0.1917227
0.193484733333
0.191242566667
0.1899584
0.193384233333
0.1898625
