0.239600669557
0.192280233315
0.217346312655
0.189453751031
0.178674198865
0.230779596119
0.207104383623
0.184443002672
0.176738141862
0.15899960989
0.133381087111
0.146442292186
0.160579502568
0.121309203412
0.186986625876
0.0794655943333
0.0919109345025
0.0836395869312
0.0550914033098
0.0991506640789
0.0446040653692
0.0415455773479
0.100323032076
0.0641493199751
0.0379656376538
0.016106985426
0.0721657540995
0.016264192249
0.0561370449818
0.0206022995389
0.0579824812877
0.0287360973872
0.0315130750942
0.0202174963117
0.0236810542202
0.0273444764819
0.0257869536339
0.0271527512292
0.014214006334
0.0205056709241
0.0178975424204
0.0176728951568
0.0169425444306
0.0159695859213
0.0245669370071
0.0156107025217
0.021764782471
0.0238847826214
0.0230527476145
0.0277681021722
0.0278940083279
0.0187918795785
0.0193276118937
0.015537651641
0.0193757404976
0.0197367004853
0.0215475972484
0.015876268629
0.0218222856554
0.0152766979569
0.0178943791468
0.0153393778729
0.0169902895633
0.0189879726781
0.018606168954
0.0205446063093
0.0236291916478
0.0262050417186
0.0243097671697
0.0347200303699
0.0213061456379
0.0206384989436
0.0199495173069
0.0175481978917
0.0225952507177
0.0260363252327
0.0118021040778
0.0202494847995
0.0182130476358
0.0205879800699
0.0199952760557
0.0276982625901
0.0241168486429
0.0251133231989
0.027281908015
0.0198244227395
0.0220368464104
0.0167075293413
0.0243215798825
0.0226897122836
0.025221256242
0.0247096570052
0.0152342604103
0.0176809409345
0.016906854928
0.0170983606675
0.0171209903233
0.0201835830994
0.0257522663216
0.0214894052367
0.0152358240048
0.0232554329315
0.0167056255129
0.021012492342
0.0256038218984
0.020470333411
0.0208974957475
0.0242361414416
0.0254503280066
0.0253169408547
0.0229867822781
0.0220998016332
0.0236602544502
0.0241413989158
0.0273972386566
0.0237864261228
0.0737399741966
0.0677765041281
0.0170831417819
0.0263310460933
0.0189037885593
0.063432977307
0.0939486844633
0.0179010575195
0.0138081803188
0.0187918553559
0.016692411377
0.0180996834845
0.0872309837437
0.0171834188871
0.0701404044697
0.075946144665
0.0653695397361
0.0636106968731
0.068275097654
0.13039065297
0.0887217387816
0.0202713512476
0.0197174723268
0.0201657225486
0.0677346960821
0.0164103693595
0.0137973376236
0.0132753280736
0.0182580581887
0.0214161408446
0.0212006274129
0.0127893418676
0.0561244001393
0.0154275726639
0.0166487136233
0.059639566348
0.0543608516387
0.0196360188418
0.0527836103717
0.0160738041062
0.018272995782
0.0601666661842
0.0840450395695
0.0658856319707
0.0200145564871
0.0773175616692
0.0364999740195
0.0910603546467
0.0882872066958
0.0181575048512
0.0638761811392
0.0535483169318
0.0891920692908
0.0779559024084
0.0589653578873
0.0460676181894
0.0463057178373
0.0482185530603
0.102495171518
0.0191049325885
0.0151852977979
0.0698181669743
0.0656364206896
0.0578555560323
0.0225302788024
0.0776848944885
0.0447104806364
0.0643129540382
0.0666608226181
0.0181011766102
0.0219350281676
0.0197141900577
0.0172076772782
0.0177445583579
0.0170978064312
0.0175111436457
0.0190740396689
0.0201321754346
0.0202699667332
0.0159157020177
0.0213785284652
0.0195085626539
0.0155014641545
0.0205599297417
0.0212192209159
0.0230406091785
0.0212146137539
0.0198863427988
0.0220574495367
0.0224462696202
0.014584833782
0.0203601344095
0.0213998108554
0.0192624482083
0.020148388154
0.0210099303469
0.0188566389758
0.0238997713101
0.034477766618
0.0195271204488
0.0195968632894
0.0187754859781
0.0195327211253
0.0194752198001
0.0186406715007
0.0256067966127
0.0205724540777
0.0189752414876
0.0216231523353
0.0174046508162
0.0232324326614
0.0175758353446
0.0197368806126
0.0178728076006
0.019897148334
0.0186265935121
0.019739467711
0.0187490451791
0.01741555995
0.0177450350471
0.0165657247117
0.0177777232076
0.0211690771496
0.0183976799017
0.0436688956579
0.0156317649107
0.0179454119889
0.0179441642535
0.0167177006767
0.0195871203416
0.0174415434312
0.0187766587463
0.0214206060398
0.0610323143012
0.0179726142894
0.018457598185
0.0141832735869
0.0168979184379
0.0160915403791
0.018100502801
0.021166571389
0.0192420265266
0.0201455492655
0.0181064052942
0.0189968209156
0.0183947088311
0.0163179999724
0.0207918823329
0.0192671428961
0.0255299797089
0.0163222906528
0.0160998477715
0.0164455834713
0.0180531489806
0.0175170063366
0.019550099936
0.0189244611343
0.0178549564359
0.0215971400479
0.0199969240226
0.0167450893689
0.0164593954373
0.0174114551076
0.0166537100481
0.0189496204664
0.0226605365999
0.0205235020078
0.0205566033405
0.0210451864717
0.0195922163649
0.0182638018545
0.0184225202096
0.0205306234235
0.0148091917716
0.0174114284183
0.0185421255062
0.0163579936217
0.0120880014117
0.0203505340748
0.0205471120217
0.02018063498
0.0161867170532
0.0195573170449
0.0165525646991
0.017456094883
0.0179699365273
0.0177291991094
0.0195853864814
0.0197139287285
0.0162014575927
0.0192226548477
0.0230127906372
0.0225679193867
0.0190366796778
0.0206215537486
0.0207336302818
0.0185583714072
0.0168765448452
0.0224558309056
0.018866166153
0.017123243572
0.0198925008259
0.0183968680722
0.0232255711946
0.0160470751841
0.0209389282084
0.0175248226683
0.0175115613252
0.0189354668998
0.0166367116236
0.0196145035035
0.0140600765098
0.0145813952593
0.0223874615708
0.0255035807799
0.0199182476198
0.0200059828543
0.0138175070635
0.0178635414437
0.0159854755296
0.0166985474041
0.0147472483815
0.0232283262516
0.0195432115695
0.018933839437
0.0228831456705
0.0194298661534
0.0183452143204
0.022403880062
0.0205028058496
0.0184745992571
0.0178555311208
0.0198926061238
0.0223830275249
0.0191250913248
0.0188471898678
0.0186289743061
0.0164690764505
0.0191794085583
0.0178440135865
0.0185835878519
0.0206264245241
0.0195487680541
0.0179224917272
0.0244696620624
0.0196867826804
0.0156410283181
0.0223684024484
0.0188530020565
0.0198923379986
0.0170124858158
0.0177740237588
0.017613995724
0.0188514592764
0.0245490220073
0.021912817369
0.0180822196096
0.016876544171
0.0197285394183
0.0198006742283
0.0167007464513
0.0204171195343
0.01933429259
0.0909712624305
0.0186010870447
0.025062800987
0.0179132459294
0.0193382005966
0.0179476870319
0.0157376861126
0.0222135793108
0.017956237521
0.0179390381226
0.0228034197738
0.018065460226
0.0194808509768
0.0152253586815
0.0210839746229
0.0169663315043
0.0180428938748
0.016115311819
0.0198543179412
0.0175114812015
0.0160809783131
0.0158183000282
0.0190938656566
0.0144429951634
0.0166778539476
0.0176196377197
0.0164381595756
0.0175076670476
0.0181780953672
0.0166608323093
0.0173030310973
0.0188538509866
0.0207234434693
0.0229171519232
0.0163095222064
0.0150136862777
0.0194604370248
0.0182668957089
0.0140917774644
0.0192050136987
0.016039012033
0.0178965380181
0.0180243841809
0.0189395572118
0.0178878644535
0.0167972572676
0.0169077758477
0.016522141587
0.0157915095503
0.0171651949847
0.0244528420975
0.0191427017413
0.0169447963589
0.0164870380158
0.0169666260577
0.0209274738612
0.0176746871212
0.0198509211285
0.0199157271579
0.0150623549695
0.0201241741411
0.019366620665
0.0150660215844
0.0182466263908
0.016151270168
0.0162244672643
0.0150791986093
0.0179129863178
0.0201832126143
0.0209996188341
0.0238065319461
0.0183478876713
0.0177048485494
0.0159354198913
0.0223333211092
0.0196676963396
0.0164961257562
0.0163865456756
0.0180083175055
0.0203600889977
0.0184308941081
0.0220410743188
0.0165436680981
0.0141955256236
0.0150309808128
0.0198980234307
0.017501282703
0.0196291732856
0.0194460428751
0.0229282706404
0.0223128509479
0.0186860475002
0.0182148702909
0.019881051644
0.0188123267685
0.02049657382
0.0162716694446
0.0222397981753
0.0236718001171
0.0195732074115
0.016464847108
0.0179273651222
0.0181751145608
0.0263035419439
0.0214262339523
0.0179776050143
0.0191215751734
0.0182625089028
0.0182747615514
0.0221913658236
0.0182109371703
0.0183895306768
0.017485147359
0.0182109585231
0.0204650446104
0.01916287344
0.0200198417841
0.0174442764495
0.0207841556281
0.0182468317646
0.0204274230872
