first at GeneralizedLinearAlgorithm.scala:246	count at DataValidators.scala:40	count at GradientDescent.scala:209	treeAggregate at GradientDescent.scala:239
[8.271808, 28.772443, 0.551519, 109.10039099999996]
[8.349806, 29.832137, 0.488025, 111.56139899999991]
[8.227885, 28.329651, 0.627193, 111.65062500000003]
[8.426845, 27.153929, 0.843652, 111.0985139999999]
[8.104256, 30.569536, 0.405959, 114.55505699999998]
[8.176199, 28.271058, 0.652212, 109.98209500000002]
[8.449331, 28.85755, 0.529221, 112.05717099999985]
[8.516673, 26.54029, 0.467321, 110.16684199999999]
[8.451736, 27.51246, 0.505106, 111.69430499999993]
[8.331573, 30.174858, 0.443232, 111.48656200000009]
[8.114331, 31.779013, 0.461625, 114.25130400000016]
[8.233993, 26.368464, 0.405705, 111.9807670000001]
[8.240261, 28.761562, 0.525508, 95.65203300000006]
[8.456045, 30.53543, 0.462336, 116.80949799999995]
[8.776694, 29.824326, 0.510245, 108.50909500000012]
[8.403094, 27.809597, 0.463871, 96.224985]
[8.414257, 28.152955, 0.394491, 111.30779500000003]
[8.173599, 28.57128, 0.514854, 96.51714200000004]
[8.343151, 29.085289, 0.461643, 112.138548]
[8.20137, 27.009304, 0.432182, 111.33507000000006]
[8.264912, 29.284518, 0.490602, 112.46655200000002]
[8.379672, 26.270782, 0.582652, 96.50639300000003]
[8.370434, 26.499016, 0.52324, 110.93377399999999]
[8.175714, 28.797113, 0.603039, 96.92630700000004]
[8.56455, 29.608376, 0.466505, 97.21925599999999]
[8.30647, 28.085381, 0.48941, 114.31480499999996]
[8.230122, 31.386123, 0.448919, 116.68919599999992]
[8.474186, 29.616429, 0.384648, 97.70559400000016]
[8.531794, 26.877919, 0.477944, 111.48670400000007]
[8.305931, 27.364848, 0.463846, 112.009683]
