[0.21820078199999993, 0.08876342094269736, [(0, 1.68298), (8, 0.669405), (9, 0.640441), (6, 0.63249), (10, 0.593758), (11, 0.582203), (7, 0.576287), (117, 0.571143), (22, 0.567996), (14, 0.552548)]]
[0.22312279799999982, 0.07751734960134532, [(7, 0.975781), (0, 0.950555), (5, 0.737716), (4, 0.679581), (3, 0.661683), (11, 0.605883), (9, 0.605816), (10, 0.578796), (133, 0.55236), (6, 0.534748)]]
[0.22330125000000006, 0.07642873553181091, [(0, 1.195762), (1, 0.684615), (3, 0.683902), (9, 0.653318), (10, 0.622921), (11, 0.586783), (8, 0.585099), (140, 0.573498), (26, 0.539903), (17, 0.519685)]]
[0.2221970279999998, 0.09200638972340569, [(7, 1.023156), (4, 1.022368), (6, 0.951382), (0, 0.898897), (1, 0.822997), (3, 0.678991), (10, 0.676598), (8, 0.667613), (9, 0.65307), (12, 0.604567)]]
[0.22911011399999995, 0.08484452846403825, [(0, 1.174463), (8, 0.907529), (4, 0.836754), (5, 0.814406), (1, 0.783582), (7, 0.611452), (116, 0.605278), (11, 0.587359), (6, 0.579119), (157, 0.525921)]]
[0.21996419000000003, 0.07148502038112528, [(0, 0.905927), (1, 0.827717), (3, 0.733981), (4, 0.694326), (2, 0.655821), (13, 0.602287), (5, 0.582636), (10, 0.55432), (8, 0.535945), (128, 0.531598)]]
[0.22411434199999972, 0.08333135284264281, [(0, 1.187295), (2, 1.023113), (9, 0.648519), (6, 0.647226), (5, 0.617602), (135, 0.611221), (10, 0.604988), (7, 0.58724), (12, 0.587061), (13, 0.569085)]]
[0.22033368399999997, 0.09437177930869033, [(0, 1.131101), (4, 1.044437), (6, 1.024251), (3, 0.993592), (1, 0.746214), (10, 0.642065), (7, 0.632049), (2, 0.611843), (8, 0.607858), (5, 0.585243)]]
[0.22338860999999985, 0.08340609913855156, [(0, 1.294194), (2, 1.041571), (5, 0.738248), (1, 0.733416), (14, 0.714995), (6, 0.645816), (10, 0.63847), (9, 0.569599), (158, 0.488176), (4, 0.465467)]]
[0.2229731240000002, 0.08081155090228515, [(0, 1.235682), (1, 0.810005), (2, 0.745977), (4, 0.745839), (3, 0.718604), (6, 0.632409), (8, 0.617808), (11, 0.553287), (121, 0.550361), (10, 0.528143)]]
[0.22850260800000033, 0.0959682670930675, [(0, 1.560727), (2, 0.992875), (12, 0.954335), (9, 0.642483), (131, 0.616095), (8, 0.611519), (19, 0.608025), (18, 0.560895), (6, 0.549824), (168, 0.523114)]]
[0.2239615340000002, 0.08004034431535664, [(0, 1.215981), (7, 0.990178), (14, 0.778022), (1, 0.676532), (3, 0.672406), (16, 0.658479), (6, 0.590175), (10, 0.570333), (166, 0.47878), (23, 0.463989)]]
[0.1913040660000001, 0.07970937363927562, [(6, 1.034103), (0, 0.862642), (1, 0.850193), (4, 0.690682), (10, 0.641162), (7, 0.618697), (9, 0.58263), (3, 0.580292), (19, 0.554149), (152, 0.494146)]]
[0.23361899599999988, 0.09807632138352236, [(0, 1.476931), (14, 1.090643), (3, 1.008725), (4, 0.747159), (2, 0.676948), (135, 0.648567), (5, 0.643157), (11, 0.635601), (7, 0.616081), (9, 0.580795)]]
[0.21701819000000022, 0.08562241188853474, [(0, 1.205768), (5, 1.120067), (3, 0.765985), (2, 0.70965), (1, 0.705256), (17, 0.609565), (14, 0.607524), (10, 0.565547), (8, 0.558029), (7, 0.541178)]]
[0.19244997, 0.08729670524319401, [(2, 1.099479), (0, 1.091946), (1, 0.752767), (4, 0.634619), (10, 0.634548), (6, 0.633576), (181, 0.593654), (14, 0.577144), (8, 0.57564), (163, 0.550685)]]
[0.22261559000000006, 0.07993947193079208, [(0, 1.160647), (1, 0.723819), (2, 0.696436), (3, 0.678549), (4, 0.66491), (5, 0.656369), (7, 0.653914), (10, 0.611156), (8, 0.597622), (11, 0.541544)]]
[0.19303428400000008, 0.0832594823893792, [(0, 0.894405), (5, 0.762884), (1, 0.762818), (2, 0.690499), (3, 0.674586), (14, 0.668018), (9, 0.63482), (6, 0.625556), (8, 0.622027), (7, 0.566185)]]
[0.224277096, 0.08399147990146855, [(0, 1.312626), (4, 0.751844), (3, 0.693363), (2, 0.691297), (6, 0.65067), (5, 0.628741), (8, 0.619633), (16, 0.606857), (7, 0.602875), (11, 0.597089)]]
[0.22267014000000013, 0.08865055552893285, [(0, 1.388337), (4, 0.78229), (5, 0.737644), (3, 0.71351), (1, 0.694473), (379, 0.687782), (6, 0.654486), (13, 0.619258), (7, 0.598808), (9, 0.597698)]]
[0.22493310400000005, 0.09710006747685185, [(0, 1.603846), (1, 1.217751), (4, 0.716507), (3, 0.673113), (7, 0.62969), (8, 0.608184), (6, 0.606683), (122, 0.601739), (10, 0.584094), (11, 0.573283)]]
[0.19301278600000008, 0.08244958385629489, [(0, 1.105097), (8, 0.917397), (4, 0.765641), (9, 0.674313), (14, 0.649638), (7, 0.628094), (10, 0.586756), (13, 0.583822), (6, 0.574363), (11, 0.538472)]]
[0.22186754799999997, 0.08659634911052375, [(0, 1.210486), (1, 1.115966), (3, 0.792173), (15, 0.709715), (7, 0.633589), (22, 0.622275), (11, 0.595786), (10, 0.594935), (184, 0.559754), (174, 0.555367)]]
[0.19385261400000006, 0.09688707912388017, [(0, 1.753386), (1, 0.763885), (2, 0.728078), (3, 0.664996), (5, 0.646956), (12, 0.584764), (7, 0.563893), (164, 0.555317), (151, 0.52639), (169, 0.508688)]]
[0.19443851199999998, 0.08211527404994674, [(0, 0.912543), (6, 0.907632), (4, 0.798261), (2, 0.705463), (3, 0.667857), (9, 0.657796), (8, 0.621526), (7, 0.586548), (10, 0.575524), (11, 0.530753)]]
[0.22862960999999993, 0.08363595189707537, [(6, 0.969782), (3, 0.963437), (0, 0.948455), (2, 0.730416), (5, 0.688039), (4, 0.67217), (7, 0.654484), (9, 0.635368), (8, 0.622893), (130, 0.586852)]]
[0.23337839199999985, 0.07134616206646537, [(0, 1.100999), (4, 0.828992), (7, 0.625245), (3, 0.622161), (8, 0.620455), (158, 0.580386), (10, 0.549877), (6, 0.540774), (12, 0.508455), (169, 0.505994)]]
[0.19541118800000032, 0.09251932529155546, [(0, 1.198967), (5, 1.125788), (4, 0.725071), (1, 0.687856), (8, 0.66996), (13, 0.64963), (7, 0.625873), (10, 0.610664), (11, 0.573948), (6, 0.573882)]]
[0.22297340800000015, 0.07756514236427037, [(0, 0.899971), (1, 0.716246), (2, 0.711039), (4, 0.696978), (3, 0.69097), (5, 0.674543), (135, 0.661741), (10, 0.658723), (7, 0.643371), (8, 0.590359)]]
[0.224019366, 0.08451987540298464, [(0, 1.384778), (4, 0.755522), (1, 0.701872), (7, 0.680999), (10, 0.622295), (3, 0.620603), (9, 0.61798), (8, 0.617804), (14, 0.58569), (128, 0.563002)]]
