s3://susy-data/susy
[[100, 4, 500], 174.696668783]
[[100, 4, 500], 171.541969075]
[[100, 4, 500], 169.710125505]
[[100, 4, 500], 175.561267498]
[[100, 4, 500], 175.007729447]
[[100, 4, 500], 176.96020515]
[[100, 4, 500], 171.989669834]
[[100, 4, 500], 172.3560542]
[[100, 4, 500], 175.013869434]
[[100, 4, 500], 174.953725881]
[[100, 4, 500], 172.4081951]
[[100, 4, 500], 177.61885436]
[[100, 4, 500], 173.825852436]
[[100, 4, 500], 174.76987609]
[[100, 4, 500], 174.704138125]
[[100, 4, 500], 172.56836498]
[[100, 4, 500], 174.410092101]
[[100, 4, 500], 174.410092101]
[[100, 4, 500], 175.985984206]
[[100, 4, 500], 171.784032086]
[[100, 4, 500], 174.444773197]
[[100, 4, 500], 174.001255922]
[[100, 4, 500], 173.089137273]
[[100, 4, 500], 170.500199732]
[[100, 4, 500], 173.511283321]
[[100, 4, 500], 175.196928285]
[[100, 4, 500], 176.639427468]
[[100, 4, 500], 176.432741946]
[[100, 4, 500], 178.083568333]
[[100, 4, 500], 172.430860052]
