[1.229959, 0.557427, 0.662853, 0.529029, 0.623469]
[1.142492, 0.545119, 0.655636, 0.536781, 0.638345]
[1.083209, 0.600621, 0.735714, 0.554877, 0.661096]
[1.150738, 0.568113, 0.699132, 0.565819, 0.648941]
[1.15057, 0.590087, 0.726929, 0.565751, 0.643192]
[1.147819, 0.581539, 0.698959, 0.579613, 0.612825]
[1.130162, 0.565578, 0.683057, 0.548227, 0.634353]
[1.119092, 0.622626, 0.676345, 0.561182, 0.669021]
[1.13142, 0.588693, 0.681406, 0.542511, 0.628967]
[1.126185, 0.585005, 0.696403, 0.583807, 0.633742]
[1.117707, 0.571347, 0.639123, 0.553203, 0.639083]
[1.158073, 0.611899, 0.707753, 0.544701, 0.612988]
[1.139083, 0.590797, 0.691881, 0.534695, 0.60804]
[1.124962, 0.547259, 0.71711, 0.567138, 0.635106]
[1.102818, 0.586553, 0.685564, 0.52225, 0.608384]
[1.161342, 0.568152, 0.667863, 0.54148, 0.63985]
[1.119844, 0.568572, 0.720299, 0.550359, 0.610582]
[1.182331, 0.553958, 0.672232, 0.518579, 0.620956]
[1.180574, 0.589689, 0.662851, 0.518473, 0.628706]
[1.157338, 0.57538, 0.654459, 0.517511, 0.607729]
[1.117956, 0.543282, 0.679257, 0.562635, 0.626936]
[1.15263, 0.610314, 0.677063, 0.554277, 0.654254]
[1.128277, 0.552155, 0.670428, 0.540122, 0.60051]
[1.136725, 0.584017, 0.652816, 0.535878, 0.626512]
[1.116101, 0.547474, 0.676198, 0.553121, 0.636182]
[1.152219, 0.581059, 0.676837, 0.548153, 0.656611]
[1.135733, 0.565533, 0.651595, 0.522008, 0.604839]
[1.138909, 0.603622, 0.693783, 0.541717, 0.618879]
[1.182891, 0.573624, 0.640637, 0.534761, 0.596363]
[1.080898, 0.525588, 0.667559, 0.51494, 0.604702]
