first at GeneralizedLinearAlgorithm.scala:246	count at DataValidators.scala:40	count at GradientDescent.scala:209	treeAggregate at GradientDescent.scala:239
[8.806103, 107.930769, 0.269197, 3.6027370000000003]
[8.267263, 101.983733, 0.290139, 3.518373]
[11.340217, 106.936363, 0.258264, 3.635517]
[11.471319, 103.69358, 0.273137, 3.6327429999999996]
[11.413267, 99.807975, 0.270373, 3.6765290000000004]
[11.49877, 110.407129, 0.261286, 3.620755]
[11.534649, 105.359452, 0.246655, 3.5613770000000002]
[11.453932, 98.503748, 0.284389, 3.648266]
[11.39938, 107.598394, 0.261805, 3.572997]
[11.520121, 105.57993, 0.268683, 3.6251419999999994]
[11.332057, 106.306196, 0.258061, 3.520463]
[11.386198, 98.580439, 0.31202, 3.635414]
[11.425092, 112.107799, 0.252598, 3.564496]
[11.592963, 105.229083, 0.272806, 3.5915749999999997]
[11.413687, 103.113985, 0.265732, 3.505569]
[11.429533, 106.144387, 0.262027, 3.578687]
[11.437372, 111.787178, 0.263793, 3.569656]
[11.499494, 104.964167, 0.260729, 3.548056]
[11.49476, 103.292991, 0.309544, 3.580293]
[11.437893, 100.2469, 0.277519, 3.512417]
[11.395006, 103.631676, 0.275138, 3.530066]
[11.50528, 103.231665, 0.254225, 3.648538]
[11.42467, 106.249746, 0.276778, 3.491492]
[11.465687, 103.081864, 0.272734, 3.535948]
[11.399948, 107.648191, 0.281925, 3.529076]
[11.376224, 100.31099, 0.255081, 3.614879]
[11.425373, 109.60163, 0.246401, 3.479708]
[11.477867, 100.813394, 0.251044, 3.5969100000000003]
[11.627816, 105.35966, 0.274254, 3.528276]
[11.5066, 107.239583, 0.282763, 3.3936870000000003]
