[0.7205474000000001, 0.2590523499940504, [(0, 1.229959), (2, 0.662853), (4, 0.623469), (1, 0.557427), (3, 0.529029)]]
[0.7036746, 0.22455722045002252, [(0, 1.142492), (2, 0.655636), (4, 0.638345), (1, 0.545119), (3, 0.536781)]]
[0.7271034000000001, 0.18809680911977217, [(0, 1.083209), (2, 0.735714), (4, 0.661096), (1, 0.600621), (3, 0.554877)]]
[0.7265485999999999, 0.21801243096172293, [(0, 1.150738), (2, 0.699132), (4, 0.648941), (1, 0.568113), (3, 0.565819)]]
[0.7353058000000001, 0.21486591577390773, [(0, 1.15057), (2, 0.726929), (4, 0.643192), (1, 0.590087), (3, 0.565751)]]
[0.724151, 0.2162184568217986, [(0, 1.147819), (2, 0.698959), (4, 0.612825), (1, 0.581539), (3, 0.579613)]]
[0.7122754, 0.2144699654913014, [(0, 1.130162), (2, 0.683057), (4, 0.634353), (1, 0.565578), (3, 0.548227)]]
[0.7296532, 0.1990065192795452, [(0, 1.119092), (2, 0.676345), (4, 0.669021), (1, 0.622626), (3, 0.561182)]]
[0.7145994, 0.21337336351719258, [(0, 1.13142), (2, 0.681406), (4, 0.628967), (1, 0.588693), (3, 0.542511)]]
[0.7250283999999999, 0.2047580398612958, [(0, 1.126185), (2, 0.696403), (4, 0.633742), (1, 0.585005), (3, 0.583807)]]
[0.7040926, 0.20972040177874923, [(0, 1.117707), (2, 0.639123), (4, 0.639083), (1, 0.571347), (3, 0.553203)]]
[0.7270828, 0.22166382014428965, [(0, 1.158073), (2, 0.707753), (4, 0.612988), (1, 0.611899), (3, 0.544701)]]
[0.7128992000000001, 0.21896827719137768, [(0, 1.139083), (2, 0.691881), (4, 0.60804), (1, 0.590797), (3, 0.534695)]]
[0.7183149999999999, 0.21184976411598858, [(0, 1.124962), (2, 0.71711), (4, 0.635106), (3, 0.567138), (1, 0.547259)]]
[0.7011138, 0.20752026996551448, [(0, 1.102818), (2, 0.685564), (4, 0.608384), (1, 0.586553), (3, 0.52225)]]
[0.7157374, 0.22749127761002183, [(0, 1.161342), (2, 0.667863), (4, 0.63985), (1, 0.568152), (3, 0.54148)]]
[0.7139312, 0.21136317979194014, [(0, 1.119844), (2, 0.720299), (4, 0.610582), (1, 0.568572), (3, 0.550359)]]
[0.7096112, 0.242256962128563, [(0, 1.182331), (2, 0.672232), (4, 0.620956), (1, 0.553958), (3, 0.518579)]]
[0.7160586, 0.23716889652448106, [(0, 1.180574), (2, 0.662851), (4, 0.628706), (1, 0.589689), (3, 0.518473)]]
[0.7024834, 0.23175310548478092, [(0, 1.157338), (2, 0.654459), (4, 0.607729), (1, 0.57538), (3, 0.517511)]]
[0.7060132, 0.2115205521734472, [(0, 1.117956), (2, 0.679257), (4, 0.626936), (3, 0.562635), (1, 0.543282)]]
[0.7297076, 0.21557308886834647, [(0, 1.15263), (2, 0.677063), (4, 0.654254), (1, 0.610314), (3, 0.554277)]]
[0.6982984, 0.21981746687158416, [(0, 1.128277), (2, 0.670428), (4, 0.60051), (1, 0.552155), (3, 0.540122)]]
[0.7071896, 0.21839650961368406, [(0, 1.136725), (2, 0.652816), (4, 0.626512), (1, 0.584017), (3, 0.535878)]]
[0.7058152, 0.2109255096430017, [(0, 1.116101), (2, 0.676198), (4, 0.636182), (3, 0.553121), (1, 0.547474)]]
[0.7229758000000001, 0.2197663258157628, [(0, 1.152219), (2, 0.676837), (4, 0.656611), (1, 0.581059), (3, 0.548153)]]
[0.6959416, 0.22402771272108282, [(0, 1.135733), (2, 0.651595), (4, 0.604839), (1, 0.565533), (3, 0.522008)]]
[0.7193820000000001, 0.21527856157267491, [(0, 1.138909), (2, 0.693783), (4, 0.618879), (1, 0.603622), (3, 0.541717)]]
[0.7056552, 0.24106564478614528, [(0, 1.182891), (2, 0.640637), (4, 0.596363), (1, 0.573624), (3, 0.534761)]]
[0.6787374, 0.20862582401955895, [(0, 1.080898), (2, 0.667559), (4, 0.604702), (1, 0.525588), (3, 0.51494)]]
