[1.124278, 0.490835, 0.482767, 0.378403, 0.407748]
[0.937635, 0.480059, 0.454118, 0.386833, 0.393737]
[0.979408, 0.523789, 0.467837, 0.459566, 0.403059]
[1.018982, 0.475435, 0.451127, 0.411616, 0.424462]
[1.012575, 0.515531, 0.485642, 0.428266, 0.396109]
[0.940612, 0.458372, 0.4774, 0.420006, 0.392054]
[0.933876, 0.489732, 0.482124, 0.402668, 0.403842]
[0.962287, 0.504575, 0.463587, 0.432933, 0.41741]
[0.9186, 0.481831, 0.4856, 0.388058, 0.411845]
[0.949041, 0.449438, 0.490875, 0.464123, 0.380775]
[0.946623, 0.492683, 0.419254, 0.424813, 0.401648]
[0.958261, 0.48311, 0.406299, 0.393636, 0.384883]
[0.885601, 0.479953, 0.477949, 0.401779, 0.401075]
[0.958839, 0.480292, 0.44787, 0.413239, 0.410304]
[1.012532, 0.559352, 0.525082, 0.38841, 0.368848]
[1.036915, 0.473476, 0.489707, 0.407529, 0.372726]
[0.905194, 0.461946, 0.395702, 0.416411, 0.387394]
[0.992528, 0.477035, 0.511007, 0.379777, 0.42219]
[0.961333, 0.462651, 0.472814, 0.423277, 0.405655]
[0.930167, 0.481176, 0.433728, 0.406928, 0.401926]
[0.930679, 0.45497, 0.391916, 0.409531, 0.449083]
[0.997782, 0.475847, 0.483132, 0.395317, 0.41121]
[0.975404, 0.430145, 0.46442, 0.39867, 0.391992]
[0.975182, 0.484143, 0.461292, 0.417915, 0.421374]
[0.87713, 0.510983, 0.450645, 0.401025, 0.426253]
[0.97173, 0.483532, 0.461853, 0.481268, 0.389834]
[0.960257, 0.466372, 0.435025, 0.465377, 0.372611]
[0.898447, 0.441112, 0.455294, 0.424584, 0.379124]
[1.06629, 0.471509, 0.443196, 0.434881, 0.382775]
[0.973597, 0.519077, 0.447661, 0.44033, 0.402658]
