first at GeneralizedLinearAlgorithm.scala:246	count at DataValidators.scala:40	count at GradientDescent.scala:209	treeAggregate at GradientDescent.scala:239
[8.116136, 48.269883, 0.412406, 2.8840310000000002]
[7.917176, 43.572255, 0.43775, 2.6523820000000002]
[8.025395, 47.28016, 0.411034, 2.833659]
[8.16781, 47.490689, 0.42076, 2.7816220000000005]
[7.95356, 44.32008, 0.469666, 2.838123]
[8.058901, 46.85036, 0.501614, 2.688444]
[8.004043, 47.72078, 0.4322, 2.712242]
[8.411325, 46.334547, 0.399187, 2.7807919999999995]
[8.064958, 46.596393, 0.389586, 2.685934]
[8.018998, 45.056545, 0.451403, 2.7342519999999997]
[8.126985, 44.338931, 0.437229, 2.685021]
[8.371809, 46.907186, 0.467158, 2.6261889999999997]
[8.068276, 44.361421, 0.48221, 2.646357]
[8.326515, 48.875559, 0.405917, 2.710544]
[8.210907, 44.963494, 0.407142, 2.854224]
[8.161981, 45.644461, 0.421392, 2.780353]
[8.22526, 45.982934, 0.35973, 2.566647]
[8.356836, 44.99138, 0.432551, 2.782537]
[8.036332, 46.693501, 0.41547, 2.72573]
[8.061248, 45.684324, 0.320876, 2.653925]
[8.141569, 45.374772, 0.509039, 2.636179]
[8.1683, 48.45091, 0.489957, 2.7632879999999997]
[8.265609, 48.237184, 0.408857, 2.6606310000000004]
[8.259029, 46.076765, 0.423491, 2.759906]
[8.066772, 49.013461, 0.419639, 2.666036]
[8.18306, 46.719608, 0.47763, 2.788217]
[8.093232, 47.910428, 0.383439, 2.6996420000000003]
[8.207242, 47.06003, 0.315327, 2.5985609999999997]
[8.421115, 45.767156, 0.486831, 2.798651]
[8.294633, 46.836961, 0.462276, 2.783323]
