[0.5768062, 0.2770935924624747, [(0, 1.124278), (1, 0.490835), (2, 0.482767), (4, 0.407748), (3, 0.378403)]]
[0.5304764000000001, 0.206630943908796, [(0, 0.937635), (1, 0.480059), (2, 0.454118), (4, 0.393737), (3, 0.386833)]]
[0.5667318, 0.20985671575377327, [(0, 0.979408), (1, 0.523789), (2, 0.467837), (3, 0.459566), (4, 0.403059)]]
[0.5563244, 0.23237463562153252, [(0, 1.018982), (1, 0.475435), (2, 0.451127), (4, 0.424462), (3, 0.411616)]]
[0.5676246, 0.22638646989659078, [(0, 1.012575), (1, 0.515531), (2, 0.485642), (3, 0.428266), (4, 0.396109)]]
[0.5376888, 0.2036328734034856, [(0, 0.940612), (2, 0.4774), (1, 0.458372), (3, 0.420006), (4, 0.392054)]]
[0.5424483999999999, 0.1991903172602524, [(0, 0.933876), (1, 0.489732), (2, 0.482124), (4, 0.403842), (3, 0.402668)]]
[0.5561583999999999, 0.20523467967144343, [(0, 0.962287), (1, 0.504575), (2, 0.463587), (3, 0.432933), (4, 0.41741)]]
[0.5371868, 0.1945001066728756, [(0, 0.9186), (2, 0.4856), (1, 0.481831), (4, 0.411845), (3, 0.388058)]]
[0.5468504, 0.2043548683066787, [(0, 0.949041), (2, 0.490875), (3, 0.464123), (1, 0.449438), (4, 0.380775)]]
[0.5370041999999999, 0.20713532094686313, [(0, 0.946623), (1, 0.492683), (3, 0.424813), (2, 0.419254), (4, 0.401648)]]
[0.5252378, 0.21929376874995787, [(0, 0.958261), (1, 0.48311), (2, 0.406299), (3, 0.393636), (4, 0.384883)]]
[0.5292714000000001, 0.18150796466667793, [(0, 0.885601), (1, 0.479953), (2, 0.477949), (3, 0.401779), (4, 0.401075)]]
[0.5421088000000001, 0.2099267769651123, [(0, 0.958839), (1, 0.480292), (2, 0.44787), (3, 0.413239), (4, 0.410304)]]
[0.5708447999999999, 0.23298028432500462, [(0, 1.012532), (1, 0.559352), (2, 0.525082), (3, 0.38841), (4, 0.368848)]]
[0.5560706, 0.2441791070690529, [(0, 1.036915), (2, 0.489707), (1, 0.473476), (3, 0.407529), (4, 0.372726)]]
[0.5133294, 0.19762956509146096, [(0, 0.905194), (1, 0.461946), (3, 0.416411), (2, 0.395702), (4, 0.387394)]]
[0.5565074, 0.22260948345171638, [(0, 0.992528), (2, 0.511007), (1, 0.477035), (4, 0.42219), (3, 0.379777)]]
[0.545146, 0.20955130849507955, [(0, 0.961333), (2, 0.472814), (1, 0.462651), (3, 0.423277), (4, 0.405655)]]
[0.5307850000000001, 0.2016592642969819, [(0, 0.930167), (1, 0.481176), (2, 0.433728), (3, 0.406928), (4, 0.401926)]]
[0.5272357999999999, 0.20310710959432218, [(0, 0.930679), (1, 0.45497), (4, 0.449083), (3, 0.409531), (2, 0.391916)]]
[0.5526576, 0.22522561877246558, [(0, 0.997782), (2, 0.483132), (1, 0.475847), (4, 0.41121), (3, 0.395317)]]
[0.5321262000000001, 0.22312671465909234, [(0, 0.975404), (2, 0.46442), (1, 0.430145), (3, 0.39867), (4, 0.391992)]]
[0.5519812, 0.21305278978262643, [(0, 0.975182), (1, 0.484143), (2, 0.461292), (4, 0.421374), (3, 0.417915)]]
[0.5332072, 0.17578660881238933, [(0, 0.87713), (1, 0.510983), (2, 0.450645), (4, 0.426253), (3, 0.401025)]]
[0.5576434, 0.20982335861157117, [(0, 0.97173), (1, 0.483532), (3, 0.481268), (2, 0.461853), (4, 0.389834)]]
[0.5399284000000001, 0.21290581151072416, [(0, 0.960257), (1, 0.466372), (3, 0.465377), (2, 0.435025), (4, 0.372611)]]
[0.5197122, 0.19109273197942406, [(0, 0.898447), (2, 0.455294), (1, 0.441112), (3, 0.424584), (4, 0.379124)]]
[0.5597302, 0.254898605889793, [(0, 1.06629), (1, 0.471509), (2, 0.443196), (3, 0.434881), (4, 0.382775)]]
[0.5566646000000001, 0.21183909490799852, [(0, 0.973597), (1, 0.519077), (2, 0.447661), (3, 0.44033), (4, 0.402658)]]
