s3://higgs-data/higgs
[[12.5, 1, 1], 94.838854911]
[[12.5, 1, 1], 88.817280154]
[[12.5, 1, 1], 88.986383755]
[[12.5, 1, 1], 92.154552012]
[[12.5, 1, 1], 91.130195432]
[[12.5, 1, 1], 98.783885962]
[[12.5, 1, 1], 88.888946919]
[[12.5, 1, 1], 87.780132113]
[[12.5, 1, 1], 89.935093549]
[[12.5, 1, 1], 89.418876681]
[[12.5, 1, 1], 92.441117835]
[[12.5, 1, 1], 93.024700071]
[[12.5, 1, 1], 92.324137347]
[[12.5, 1, 1], 91.860451996]
[[12.5, 1, 1], 91.896579761]
[[12.5, 1, 1], 93.121303075]
[[12.5, 1, 1], 91.644581602]
[[12.5, 1, 1], 92.998655605]
[[12.5, 1, 1], 92.999798832]
[[12.5, 1, 1], 92.919000828]
[[12.5, 1, 1], 97.422558495]
[[12.5, 1, 1], 92.998511143]
[[12.5, 1, 1], 92.325237456]
[[12.5, 1, 1], 92.916415395]
[[12.5, 1, 1], 94.038094688]
[[12.5, 1, 1], 94.677347291]
[[12.5, 1, 1], 91.363763737]
[[12.5, 1, 1], 90.858865568]
[[12.5, 1, 1], 91.916208624]
[[12.5, 1, 1], 91.736027497]
