[1.271372, 0.682939, 0.516142, 0.520592, 0.52783]
[1.020455, 0.587711, 0.474307, 0.463086, 0.516434]
[1.079024, 0.67299, 0.489723, 0.488495, 0.504475]
[1.062095, 0.698034, 0.556765, 0.481498, 0.470253]
[1.21263, 0.664861, 0.621372, 0.518223, 0.567621]
[1.125869, 0.768605, 0.513387, 0.516303, 0.534813]
[1.063074, 0.681235, 0.490144, 0.497689, 0.571581]
[1.108204, 0.688125, 0.529732, 0.522165, 0.514725]
[1.18456, 0.622681, 0.540073, 0.575948, 0.532162]
[1.143086, 0.685821, 0.568502, 0.470976, 0.491772]
[1.148954, 0.660115, 0.552958, 0.514499, 0.550385]
[1.054124, 0.643238, 0.536504, 0.519898, 0.501008]
[1.089276, 0.665407, 0.5835, 0.498978, 0.586385]
[1.099329, 0.743438, 0.481667, 0.473856, 0.571833]
[1.349097, 0.679981, 0.489957, 0.488059, 0.494435]
[1.225562, 0.631794, 0.546965, 0.515415, 0.488236]
[1.10135, 0.624531, 0.490313, 0.478461, 0.498914]
[1.115516, 0.674155, 0.499495, 0.478679, 0.522521]
[1.158887, 0.592196, 0.725919, 0.491018, 0.493779]
[1.069799, 0.560706, 0.53347, 0.499396, 0.504855]
[1.226539, 0.678501, 0.564785, 0.503954, 0.497349]
[1.102886, 0.695146, 0.5046, 0.503028, 0.507176]
[1.206176, 0.641766, 0.550053, 0.527168, 0.542858]
[1.085687, 0.567778, 0.539806, 0.537229, 0.45809]
[1.12356, 0.682951, 0.579352, 0.486509, 0.574066]
[1.115833, 0.879681, 0.50132, 0.538049, 0.538257]
[1.10748, 0.690604, 0.566329, 0.512511, 0.510306]
[1.092303, 0.67038, 0.517527, 0.504735, 0.543454]
[1.094557, 0.62248, 0.526975, 0.5474, 0.498435]
[1.103303, 0.638473, 0.53271, 0.507506, 0.486976]
