first at GeneralizedLinearAlgorithm.scala:246	count at DataValidators.scala:40	count at GradientDescent.scala:209	treeAggregate at GradientDescent.scala:239
[8.716027, 87.033234, 0.402734, 3.5188750000000004]
[8.475453, 89.626544, 0.361345, 3.0619929999999997]
[8.206984, 80.732699, 0.318789, 3.234707]
[8.332187, 77.680333, 0.308154, 3.268645]
[7.998833, 80.187954, 0.381353, 3.584707]
[8.180145, 80.705941, 0.357996, 3.458977]
[8.250293, 81.359251, 0.450499, 3.303723]
[8.170409, 85.157189, 0.396186, 3.3629510000000002]
[8.134192, 83.607283, 0.399296, 3.455424]
[8.129579, 86.310902, 0.277159, 3.360157]
[7.928325, 80.376279, 0.252481, 3.426911]
[8.106293, 77.278968, 0.311371, 3.254772]
[8.314409, 79.7459, 0.395966, 3.423546]
[8.111581, 81.41635, 0.355346, 3.3701230000000004]
[8.154271, 79.220193, 0.329763, 3.5015290000000006]
[11.321623, 89.414253, 0.361632, 3.407972]
[8.199165, 81.648015, 0.35568, 3.193569]
[8.244392, 84.18791, 0.329384, 3.2903659999999997]
[8.128758, 79.072, 0.353289, 3.4617989999999996]
[8.311072, 84.508825, 0.347639, 3.1682259999999998]
[8.157161, 78.786217, 0.356755, 3.471128]
[8.135682, 84.242597, 0.353853, 3.312836]
[8.068627, 87.208403, 0.369953, 3.468021]
[8.110212, 86.19055, 0.301441, 3.18859]
[8.060866, 79.695734, 0.305702, 3.4464379999999997]
[8.114117, 82.310543, 0.445706, 3.5731399999999995]
[8.154631, 78.529984, 0.409942, 3.3872299999999997]
[8.125518, 85.43571, 0.351954, 3.328399]
[8.115402, 84.903413, 0.416252, 3.289847]
[8.122615, 87.202273, 0.376939, 3.2689679999999997]
