[0.703775, 0.2906266644711045, [(0, 1.271372), (1, 0.682939), (4, 0.52783), (3, 0.520592), (2, 0.516142)]]
[0.6123985999999999, 0.20865869267164497, [(0, 1.020455), (1, 0.587711), (4, 0.516434), (2, 0.474307), (3, 0.463086)]]
[0.6469414, 0.22693323462428328, [(0, 1.079024), (1, 0.67299), (4, 0.504475), (2, 0.489723), (3, 0.488495)]]
[0.653729, 0.2197519966753431, [(0, 1.062095), (1, 0.698034), (2, 0.556765), (3, 0.481498), (4, 0.470253)]]
[0.7169414, 0.25272065637980606, [(0, 1.21263), (1, 0.664861), (2, 0.621372), (4, 0.567621), (3, 0.518223)]]
[0.6917954, 0.2373142298418702, [(0, 1.125869), (1, 0.768605), (4, 0.534813), (3, 0.516303), (2, 0.513387)]]
[0.6607446, 0.2125702912324298, [(0, 1.063074), (1, 0.681235), (4, 0.571581), (3, 0.497689), (2, 0.490144)]]
[0.6725902, 0.22713799340260094, [(0, 1.108204), (1, 0.688125), (2, 0.529732), (3, 0.522165), (4, 0.514725)]]
[0.6910847999999999, 0.24880287606167256, [(0, 1.18456), (1, 0.622681), (3, 0.575948), (2, 0.540073), (4, 0.532162)]]
[0.6720314000000001, 0.2472721784071957, [(0, 1.143086), (1, 0.685821), (2, 0.568502), (4, 0.491772), (3, 0.470976)]]
[0.6853822, 0.23685384774024676, [(0, 1.148954), (1, 0.660115), (2, 0.552958), (4, 0.550385), (3, 0.514499)]]
[0.6509544, 0.20753981117231463, [(0, 1.054124), (1, 0.643238), (2, 0.536504), (3, 0.519898), (4, 0.501008)]]
[0.6847092, 0.2090233956813447, [(0, 1.089276), (1, 0.665407), (4, 0.586385), (2, 0.5835), (3, 0.498978)]]
[0.6740246000000001, 0.2337580332622603, [(0, 1.099329), (1, 0.743438), (4, 0.571833), (2, 0.481667), (3, 0.473856)]]
[0.7003058000000001, 0.33257216562929615, [(0, 1.349097), (1, 0.679981), (4, 0.494435), (2, 0.489957), (3, 0.488059)]]
[0.6815944, 0.27622779326823726, [(0, 1.225562), (1, 0.631794), (2, 0.546965), (3, 0.515415), (4, 0.488236)]]
[0.6387138, 0.23726826454239514, [(0, 1.10135), (1, 0.624531), (4, 0.498914), (2, 0.490313), (3, 0.478461)]]
[0.6580731999999999, 0.2388372931502951, [(0, 1.115516), (1, 0.674155), (4, 0.522521), (2, 0.499495), (3, 0.478679)]]
[0.6923598, 0.24850733978327483, [(0, 1.158887), (2, 0.725919), (1, 0.592196), (4, 0.493779), (3, 0.491018)]]
[0.6336451999999999, 0.21917805463266615, [(0, 1.069799), (1, 0.560706), (2, 0.53347), (4, 0.504855), (3, 0.499396)]]
[0.6942256, 0.27397932958060905, [(0, 1.226539), (1, 0.678501), (2, 0.564785), (3, 0.503954), (4, 0.497349)]]
[0.6625672, 0.23216151338789984, [(0, 1.102886), (1, 0.695146), (4, 0.507176), (2, 0.5046), (3, 0.503028)]]
[0.6936042, 0.2594029381640848, [(0, 1.206176), (1, 0.641766), (2, 0.550053), (4, 0.542858), (3, 0.527168)]]
[0.637718, 0.22694441866236767, [(0, 1.085687), (1, 0.567778), (2, 0.539806), (3, 0.537229), (4, 0.45809)]]
[0.6892875999999999, 0.2258821302242388, [(0, 1.12356), (1, 0.682951), (2, 0.579352), (4, 0.574066), (3, 0.486509)]]
[0.7146279999999999, 0.24330849577439753, [(0, 1.115833), (1, 0.879681), (4, 0.538257), (3, 0.538049), (2, 0.50132)]]
[0.677446, 0.22476151611608247, [(0, 1.10748), (1, 0.690604), (2, 0.566329), (3, 0.512511), (4, 0.510306)]]
[0.6656798, 0.22127859075780468, [(0, 1.092303), (1, 0.67038), (4, 0.543454), (2, 0.517527), (3, 0.504735)]]
[0.6579694, 0.22212815211818607, [(0, 1.094557), (1, 0.62248), (3, 0.5474), (2, 0.526975), (4, 0.498435)]]
[0.6537936, 0.23073050654180946, [(0, 1.103303), (1, 0.638473), (2, 0.53271), (3, 0.507506), (4, 0.486976)]]
