[4.265936191999999, 4.298676934000003, 4.290819996000002, 4.30913835, 4.3339769399999994, 4.267069870000005, 4.266083488, 4.249999554000002, 4.284306736000001, 4.290368887999998, 4.26170924, 4.225978646000001, 4.396819866000002, 4.261391668000005, 4.2591698739999995, 4.251493262000001, 4.2452523819999985, 4.229065581999996, 4.260983795999999, 4.239423519999998, 4.250364149999998, 4.276905364, 4.234637673999999, 4.277034851999997, 4.24481054, 4.2424541919999985, 4.244112735999997, 4.226105830000001, 4.273375304000003, 4.215345044000002]
[4.803072333333333, 4.5959531, 4.562259766666666, 4.612045666666665, 4.5030309666666675, 4.517215066666666, 4.4853945, 4.665825233333333, 4.453572433333333, 4.592583500000001, 4.5333819, 4.5124892, 4.553042666666666, 4.713777433333333, 4.555377299999999, 4.623315266666666, 4.485029933333334, 4.421108399999998, 4.614825166666667, 4.518502366666667, 4.5048672000000005, 4.638188700000001, 4.4642254333333335, 4.542764466666666, 4.520203966666667, 4.604477966666667, 4.613317366666666, 4.4040288, 4.6299918333333325, 4.530772433333334]
[4.2316509063829795, 4.279701859574471, 4.273494053191492, 4.289803840425533, 4.323186257446807, 4.25110315531915, 4.252084912765959, 4.223457489361702, 4.273502542553193, 4.271078593617022, 4.244368431914894, 4.207690738297874, 4.386848197872343, 4.23251598085107, 4.2402630170212765, 4.227759942553197, 4.2299474319148915, 4.21680752978723, 4.238398176595745, 4.221609976595745, 4.2341192744680844, 4.253844725531917, 4.219983136170209, 4.260073387234041, 4.227232236170213, 4.219346291489361, 4.220546482978723, 4.214749044680852, 4.25061254680851, 4.195211380851065]
[0.37140804838123165, 0.36068384628132943, 0.35119299162033973, 0.3311723126221265, 0.3421397202210997, 0.33072700946732053, 0.34616622055897633, 0.3599761716982321, 0.34674410460092076, 0.3310393553467977, 0.3395073441062833, 0.344376274019725, 0.3532155339525939, 0.3502567779567809, 0.35060101922885806, 0.3482243136958838, 0.34508773771461676, 0.3464813697703865, 0.32167894400201946, 0.34937851770796335, 0.34255670337856114, 0.3367534666102064, 0.3437584646798212, 0.3412325510566393, 0.3380545913420264, 0.3518018604944084, 0.3525143736422592, 0.3244793289130898, 0.3558259444669143, 0.35055629196420096]
[0.540862825822798, 0.7138179632886036, 0.562213376167844, 0.46619293104531545, 0.4664989758971599, 0.573004295923741, 0.4643102156877985, 0.6404912681333332, 0.6221947268587589, 0.4386409338154804, 0.5364100073495615, 0.6297808012985363, 0.5630076949776284, 0.475718617331554, 0.5616501074391511, 0.5210777522109301, 0.5790464926524717, 0.631199279000148, 0.5211051076807879, 0.6107842270699468, 0.5533660775713428, 0.5141657779238877, 0.5817043986910467, 0.5408332063450946, 0.5112729170569916, 0.5936452991434354, 0.61825157831978, 0.5859102924143708, 0.5872485386049126, 0.5421786167799737]
[0.32937096172193725, 0.3160255755047088, 0.32562302737622023, 0.31076156505382746, 0.32969699523357915, 0.30191995983579173, 0.3323449438034686, 0.31611374915086465, 0.31819824887141585, 0.3132073166773202, 0.3150313585944392, 0.3086654666418852, 0.332918671985116, 0.319638040804731, 0.32353380015753247, 0.3198142426337429, 0.31840371941842627, 0.31587520583093964, 0.29025407888686866, 0.3174206604928624, 0.31763401211216596, 0.30806445520423836, 0.3170720085460663, 0.3168704295554417, 0.3158170047464425, 0.3166548144241917, 0.31391744584209413, 0.29655602906592377, 0.3225610226325794, 0.32436770879977983]
4.265760349
4.5591546788888895
4.247033051347518
0.34525303965005366
0.5582194767500795
0.31681108398682
