[[1, 6.387648], [2, 5.703569], [3, 5.455051], [33, 5.930083]]
[[1, 7.493331], [5, 5.466653], [12, 5.509494]]
[[1, 6.516136], [8, 5.546951], [354, 5.388238]]
[[1, 6.644361]]
[[1, 5.976848], [2, 5.542449], [186, 5.727608]]
[[1, 6.883639]]
[[1, 5.702254], [2, 5.348999], [259, 5.36839]]
[[1, 6.946167], [2, 5.372008], [9, 5.845171]]
[[1, 6.901612]]
[[1, 5.84639], [6, 5.466987], [235, 5.312886], [240, 5.36441]]
[[1, 6.078106], [2, 5.797931]]
[[1, 7.322194]]
[[1, 6.411431], [4, 5.519781], [176, 5.467598]]
[[1, 6.437657], [2, 5.529264]]
[[1, 6.789441], [4, 5.436448], [105, 5.353875]]
[[1, 6.321464], [10, 5.559505], [330, 5.459657], [350, 5.298736]]
[[1, 6.726604]]
[[1, 6.864683], [8, 5.353413], [415, 5.418907]]
[[1, 5.837481], [5, 5.691574], [16, 5.790491]]
[[1, 6.841863], [15, 5.379649], [253, 5.359139], [318, 5.322037], [336, 5.323406]]
[[1, 6.691073], [140, 5.391387], [163, 5.303229]]
[[1, 6.983948], [5, 5.334191], [356, 5.447778]]
[[1, 6.789847]]
[[1, 6.452343], [2, 5.337104]]
[[1, 6.507254], [2, 5.410759], [174, 5.470246]]
[[1, 6.709429], [2, 5.505607], [9, 5.698084], [68, 5.302287]]
[[1, 7.0067], [2, 5.364211], [7, 5.49674], [34, 5.670935], [460, 5.415332]]
[[1, 6.792047], [2, 5.336664]]
[[1, 7.02671]]
[[1, 6.74109], [326, 5.364132], [497, 5.498472]]
