6.6209917
5.284605
4.54920293333
4.63214503333
4.75901646667
4.72981453333
4.55917416667
4.43576436667
4.6171327
4.55328506667
4.5012834
4.58276913333
4.4444321
4.43342433333
4.5622679
4.52940586667
4.43408683333
4.42152206667
4.47000033333
4.31496023333
4.41254676667
4.45962743333
4.2422749
4.20482136667
4.3737398
4.33406326667
4.33544176667
4.28014656667
4.38916653333
4.3075278
4.4541375
4.33455863333
4.40456396667
4.364543
4.33882403333
4.2363994
4.3922703
4.46199366667
4.3853866
4.39477973333
4.4332762
4.2766573
4.44541963333
4.36381953333
4.25875026667
4.385893
4.2152023
4.25473793333
4.3626469
4.2371748
4.2606737
4.34843633333
4.24125283333
4.3581255
4.22533146667
4.30689603333
4.39180403333
4.2970161
4.240164
4.31135083333
4.31745886667
4.25532693333
4.23246833333
4.21234216667
4.2009597
4.21756753333
4.2422101
4.25397263333
4.31727033333
4.21919623333
4.263628
4.15744036667
4.2492538
4.2909616
4.2750959
4.3208636
4.24910483333
4.30815553333
4.25853213333
4.31800956667
4.34905176667
4.35232556667
4.18796646667
4.20478306667
4.32232366667
4.2044827
4.17800293333
4.29757936667
4.17458723333
4.2135242
4.18817286667
4.2438945
4.23624096667
4.2276093
4.1031909
4.25573126667
4.2420991
4.21799883333
4.22574303333
4.3104299
4.23122426667
4.15494086667
4.2072825
4.1259126
4.29400463333
4.23554443333
4.15814986667
4.22896603333
4.2296356
4.22981883333
4.10906813333
4.24927626667
4.19645066667
4.15160543333
4.23147473333
4.1255023
4.21446136667
4.16376563333
4.15134073333
4.272108
4.28903293333
4.20125816667
4.15864086667
4.30600926667
4.11507843333
4.17143113333
4.28751956667
4.1487376
4.28110906667
4.19988696667
4.23997953333
4.27869343333
4.2130844
4.21988876667
4.2279686
4.23862906667
4.198927
4.25489003333
4.22813063333
4.34547603333
4.18201486667
4.268914
4.1713062
4.16564016667
4.2506551
4.1047829
4.21640566667
4.2062333
4.13227416667
4.31557826667
4.1471637
4.16320753333
4.30858286667
4.23271436667
4.19748946667
4.28154323333
4.09596866667
4.24179816667
4.30166343333
4.19797103333
4.25235866667
4.18631233333
4.24091013333
4.138613
4.24278276667
4.2078175
4.28917146667
4.19153076667
4.24603993333
4.19320453333
4.2083929
4.20756743333
4.28936526667
4.27432096667
4.31033806667
4.31109023333
4.29774596667
4.23417826667
4.24535786667
4.28367383333
4.18113243333
4.18305146667
4.28516836667
4.20103413333
4.20437903333
4.18052093333
4.19412883333
4.23032943333
4.1525712
4.23249733333
4.212362
4.18367983333
4.1622487
4.19081786667
4.2424388
4.2495363
4.23466533333
4.22060966667
4.18827876667
4.3106815
4.27030193333
4.2105311
4.2643674
4.2618097
4.19665773333
4.2506879
4.21436863333
4.1571473
4.20467273333
4.188408
4.21093876667
4.20217503333
4.22868656667
4.27777056667
4.2852077
4.19778223333
4.23639913333
4.278311
4.19324953333
4.32275343333
4.29915096667
4.17183353333
4.3390173
4.24233013333
4.28546223333
4.3343505
4.22935156667
4.22906163333
4.22762606667
4.25472556667
4.2401823
4.25331116667
4.22410323333
4.21673
4.2626825
4.3058282
4.2428656
4.19934893333
4.25700483333
4.26917176667
4.26490976667
4.33619826667
4.21569326667
4.28657276667
4.2335752
4.1893899
4.2331217
4.20438816667
4.05313666667
4.32019533333
4.18602833333
4.21508306667
4.29923796667
4.15944896667
4.32532536667
4.20868426667
4.24870833333
4.2823252
4.18550343333
4.264354
4.2614794
4.2283616
4.31538173333
4.23468056667
4.2887699
4.26883786667
4.27266316667
4.2660865
4.2371076
4.2413117
4.26914266667
4.17755906667
4.20899486667
4.18531583333
4.15087486667
4.21358883333
4.16705896667
4.19039053333
4.27672453333
4.2767524
4.2947894
4.20080503333
4.2301091
4.23807236667
4.2058002
4.31820746667
4.32680543333
4.26460763333
4.28208886667
4.29239003333
4.30220053333
4.2417641
4.2269073
4.2101766
4.2084017
4.2375163
4.20724483333
4.24592753333
4.1313932
4.26051276667
4.18907676667
4.33768983333
4.1951397
4.1753902
4.35080823333
4.31174396667
4.37214966667
4.2647746
4.19877473333
4.3799168
4.17232286667
4.25039023333
4.24935696667
4.1823524
4.26083463333
4.24287206667
4.20826293333
4.24436086667
4.1661525
4.31156253333
4.16278796667
4.1998725
4.23366303333
4.1967953
4.24004193333
4.3170047
4.3439765
4.28522266667
4.29855996667
4.30079663333
4.2638539
4.26040453333
4.1976848
4.22526313333
4.25077733333
4.24223526667
4.16150023333
4.2427259
4.17397356667
4.1673076
4.14759556667
4.18481373333
4.2088239
4.15622686667
4.2027742
4.28189096667
4.2769199
4.2815592
4.31402823333
4.4300731
4.3284463
4.22795973333
4.3242988
4.28480246667
4.25725736667
4.37665426667
4.1527576
4.2749062
4.18051523333
4.1372067
4.29468863333
4.12596216667
4.1974694
4.23192603333
4.2188737
4.20518773333
4.22950046667
4.29205123333
4.3046637
4.33243
4.2639329
4.35334093333
4.2646693
4.29103713333
4.2343325
4.3767858
4.17673383333
4.23535073333
4.17607743333
4.23012726667
4.3226029
4.15049086667
4.19801683333
4.24222503333
4.18602236667
4.23275776667
4.20537253333
4.26177703333
4.2919763
4.18967006667
4.38201646667
4.41552903333
4.25542883333
4.27848353333
4.39451213333
4.2710165
4.33991416667
4.18089633333
4.1942055
4.23825776667
4.20425393333
4.19775333333
4.2087541
4.1686506
4.1822151
4.21593163333
4.1613877
4.36592813333
4.2395274
4.2953431
4.29511053333
4.26285673333
4.28722083333
4.26829363333
4.30178693333
4.2953087
4.18211403333
4.33321263333
4.23736556667
4.28139306667
4.25928043333
4.3133879
4.24057786667
4.2258092
4.21223253333
4.1597974
4.237787
4.21679353333
4.17674453333
4.25675686667
4.20807953333
4.27941583333
4.243862
4.2909437
4.2006939
4.34057383333
4.3029866
4.3175324
4.17170486667
4.34732496667
4.29568513333
4.2927226
4.2810141
4.17371336667
4.17506323333
4.15577436667
4.25067713333
4.2904147
4.2228748
4.26881633333
4.26160093333
4.13781033333
4.19667586667
4.2429625
4.2783809
4.33142056667
4.17320183333
4.300198
4.3023603
4.27384003333
4.34503836667
4.33462626667
4.17603456667
4.26069303333
4.2249155
4.19338496667
4.25875776667
4.27826673333
4.20802416667
4.29262496667
4.2513191
4.24183033333
4.2611521
4.23146086667
4.2687439
4.36490353333
4.27357486667
4.27955673333
4.34117626667
4.30973783333
4.24590166667
4.28900776667
4.2226142
4.25166846667
4.23038766667
4.27045423333
4.2073778
4.26291576667
4.2365307
4.23641636667
4.25026893333
4.22411333333
4.25095926667
4.27149576667
4.22653983333
4.24407756667
4.26963426667
4.20861063333
4.21108503333
4.26314613333
