0.417377044419
0.190042979483
0.474629019092
0.443246684364
0.434960885095
0.474888379313
0.387849828724
0.504631141397
0.431609448632
0.428961977945
0.259537042994
0.390512675737
0.321223737056
0.341739494808
0.367731941201
0.400615632764
0.355667858413
0.35600338801
0.300555673235
0.338399316621
0.313055497432
0.279126119113
0.321655014012
0.388275594401
0.275562024013
0.338004503833
0.334707546045
0.353493075868
0.32557413919
0.352109409483
0.288355036445
0.372460233665
0.425284818135
0.470206090368
0.301343275334
0.347161073811
0.350040640824
0.349902155632
0.315424241628
0.306280905636
0.348799288125
0.321290336691
0.307711854577
0.341566756768
0.353308605702
0.345883221406
0.341876521387
0.356659604629
0.292325935281
0.292787097781
0.30287310695
0.338654856001
0.385754455211
0.3370391348
0.289153585143
0.348746129128
0.31345757014
0.332639882705
0.305677202279
0.382313802243
0.32809786477
0.310946927168
0.352923735049
0.278017887464
0.277748537885
0.3128572109
0.301580805128
0.343536471485
0.335619387517
0.291620957315
0.377500100445
0.304141356751
0.311309627408
0.319926985918
0.32065630187
0.336040642494
0.358103687159
0.293036283354
0.314911689449
0.409241853868
0.310250429558
0.308864764412
0.309030126878
0.319526298771
0.306253574683
0.340152334724
0.29416290686
0.37301190041
0.296912214755
0.323847553094
0.279622036794
0.276374383376
0.28700096766
0.300316770566
0.25855438378
0.330078870105
0.285304279832
0.293439316813
0.37618494086
0.341254142971
0.310794545505
0.276918922872
0.313211595229
0.314952416508
0.370047812721
0.280923155239
0.264172717442
0.319187555444
0.296318679375
0.237489869309
0.310556179524
0.323014184774
0.318905564286
0.317115861709
0.283395442721
0.324719774171
0.32434592209
0.222885443032
0.363878885636
0.327423174781
0.293211853178
0.343219716165
0.24700039939
0.371451011932
0.258048653629
0.236979028963
0.344276919443
0.301647090759
0.345889866447
0.301497288923
0.364874574373
0.349729714502
0.314381797081
0.312624826185
0.317082309624
0.410281487084
0.303672659047
0.325462760968
0.314982533797
0.410170497616
0.336762323715
0.350897713552
0.309789271692
0.275707558525
0.329515555628
0.23840429219
0.326010895649
0.316131024876
0.276921582775
0.301716502698
0.282316360827
0.295683204795
0.274824965957
0.325725989969
0.307265687956
0.306530121435
0.250569297638
0.309979500005
0.303277229225
0.259729879558
0.309666655208
0.329618637081
0.325812489037
0.302805746454
0.328552275151
0.272819179677
0.336462442262
0.325022349833
0.286136767588
0.344048235267
0.331821899607
0.338100214049
0.342566439013
0.40510732362
0.316958038419
0.362812847767
0.295310896705
0.390081838146
0.354350240159
0.290081930749
0.23859250259
0.33637881828
0.293685621407
0.322813169996
0.292445174544
0.389091230276
0.301612879052
0.303148357868
0.235792801188
0.327915937795
0.314539287603
0.256255389851
0.269523736103
0.308904144216
0.359637021356
0.297349386801
0.336373892134
0.340126178891
0.307435419077
0.340986927592
0.343685381309
0.337258140871
0.293891262966
0.264076923118
0.325665627498
0.219182093178
0.369733145598
0.266384139809
0.291139630633
0.263275987046
0.283807844236
0.282000760022
0.275383516694
0.338038995291
0.325873914063
0.270168410795
0.316211762317
0.36617277671
0.325499797257
0.37053623985
0.320615286922
0.265351835667
0.315267417766
0.260687291562
0.293814250747
0.330316665126
0.318585110409
0.346154761998
0.31342160687
0.283244922591
0.316789320415
0.296788932387
0.368999947756
0.346893526783
0.325520801362
0.303946442081
0.347619012763
0.2365880809
0.306952541853
0.374734273383
0.284327876012
0.320995034772
0.30742980199
0.301004318236
0.291977455512
0.243201117014
0.265990224805
0.259019113948
0.24723337863
0.322974102735
0.29607714912
0.356027494441
0.316611249152
0.260152976795
0.419655835145
0.259839639399
0.331934345417
0.339083145052
0.337337529198
0.256862072249
0.313001167321
0.299896802392
0.338607404278
0.276491826674
0.293420030058
0.335054842869
0.369994613674
0.239374477732
0.337601655021
0.336302468946
0.345145560559
0.290228874305
0.31911760046
0.303168608855
0.255949209866
0.340731077452
0.28462177107
0.320736545902
0.302967301693
0.29807744779
0.266940381096
0.294222196296
0.282990922314
0.2986426175
0.249499703923
0.329013891173
0.270917209949
0.348380693256
0.310270066307
0.252971483954
0.333315514958
0.315805068736
0.275964782612
0.312768673793
0.283990467118
0.324708456582
0.36360187867
0.257249838266
0.315663398269
0.306814281459
0.339818535423
0.316283174929
0.283334956784
0.294715412258
0.344379403145
0.360916551596
0.271169512873
0.321066873349
0.28187021681
0.255875687417
0.294776407691
0.284861646778
0.304460647368
0.272747758169
0.329521262185
0.289300573713
0.272260603902
0.359584144153
0.264783555309
0.281250016598
0.327921856365
0.261573110435
0.303079487748
0.328758864271
0.305652735866
0.31627960524
0.305107675103
0.327178292005
0.343623660956
0.454209525079
0.324744234496
0.289706891709
0.287163750719
0.278394340762
0.307617784544
0.347380279774
0.325216461122
0.326999098107
0.284621787851
0.249535798251
0.224961841602
0.279385650554
0.307920786091
0.255759216293
0.273798596898
0.285110225951
0.307967120868
0.283502372596
0.285452887103
0.326982274685
0.350012905747
0.288666831557
0.300556785461
0.427739892843
0.327003031985
0.4182056479
0.284294992
0.276657867726
0.223187174275
0.276596528389
0.287923505161
0.319118066914
0.303670717189
0.305700752281
0.264313610111
0.259361096815
0.298684588253
0.35875986832
0.304469627226
0.33715211664
0.361159157734
0.278003841195
0.322131418262
0.295344342528
0.314401437604
0.314230086077
0.261155834324
0.318084324328
0.226517544455
0.297808982442
0.423167078274
0.243376642152
0.292482526502
0.326717699751
0.298773821068
0.283396129574
0.305603370466
0.251573472546
0.366699519722
0.301932745054
0.369454438671
0.299876263349
0.362349412941
0.29747661348
0.314023382776
0.257874747502
0.29520442831
0.279912600386
0.283205319587
0.316460589736
0.295742020257
0.29088123129
0.336052682359
0.303355522566
0.283500812408
0.294816607612
0.243182543438
0.271479006397
0.34380975899
0.340858066064
0.32449291313
0.29867270355
0.241287503042
0.313944284337
0.359749005285
0.310660525648
0.230469507786
0.342867819469
0.282443203513
0.385621578931
0.359116644439
0.339841455041
0.325171626372
0.249647852062
0.293575068626
0.31130725954
0.315879605186
0.255668062469
0.294767427637
0.266543532114
0.325370218619
0.301091621805
0.275206990066
0.31892892625
0.336997252385
0.358966282538
0.306851624614
0.296020410722
0.342029122539
0.284982700376
0.320888748225
0.29845037112
0.326225403951
0.25706560429
0.282435945744
0.297370790867
0.35676054937
0.347919431364
0.32153394605
0.29557536856
0.301661677301
0.260105534058
0.281703544465
0.305727709445
0.29881688801
0.341369870836
0.284195296715
0.293003992922
0.318155526306
0.366726428001
0.362308579453
0.345360053176
0.28142190511
0.302803719021
0.274829792949
0.238441570333
0.380656027102
0.288086346057
0.302880316417
0.321368071995
0.285419395581
0.27312270012
0.328939234221
0.347786457342
0.289701192235
0.299851247367
0.352883822578
0.309854018719
0.365719072151
0.311545828629
0.231795132964
0.314637726963
0.319677835739
0.322622496907
0.293472091396
0.29682246656
0.287918620234
0.352467147429
0.330736721738
0.292805687343
0.30867197308
0.28014736068
0.334729939238
0.286701123815
0.328253287978
0.277545287668
0.350323463636
0.307057219542
0.261910954876
0.261080762616
