first at GeneralizedLinearAlgorithm.scala:246	count at DataValidators.scala:40	count at GradientDescent.scala:209	treeAggregate at GradientDescent.scala:239
[7.694848, 10.021626, 0.14313, 2132.9680959999996]
[7.464789, 9.996808, 0.106791, 2149.3384670000014]
[7.608815, 9.997557, 0.110254, 2145.409998000001]
[7.537309, 10.032519, 0.105011, 2154.5691749999996]
[7.580364, 9.937825, 0.110728, 2166.98847]
[7.526492, 9.959287, 0.126191, 2133.5349350000024]
[7.713984, 9.804781, 0.118606, 2133.0417439999997]
[7.488311, 8.978471, 0.140056, 2124.999777000001]
[7.454841, 9.018433, 0.104818, 2142.1533680000007]
[7.504181, 9.946158, 0.114684, 2145.184443999999]
[7.541432, 9.887148, 0.135893, 2130.85462]
[7.632488, 9.823244, 0.122512, 2112.9893230000002]
[7.493134, 9.977922, 0.10971, 2198.4099330000013]
[7.493331, 9.146254, 0.113915, 2130.695834000003]
[7.439718, 9.115537, 0.109402, 2129.5849369999996]
[7.511502, 9.932758, 0.10379, 2125.7466310000004]
[7.392986, 8.977134, 0.097884, 2122.6261909999994]
[7.438485, 9.044803, 0.116615, 2114.532790999998]
[7.674816, 9.935892, 0.110678, 2130.4918979999993]
[7.69435, 9.941169, 0.11893, 2119.7117599999992]
[7.419061, 9.009988, 0.110109, 2125.182074999999]
[7.438533, 9.950439, 0.110968, 2138.452682]
[7.575963, 9.8987, 0.106665, 2117.3188369999993]
[7.437409, 9.880036, 0.113624, 2138.5174259999985]
[7.463543, 9.021349, 0.123439, 2122.4052699999997]
[7.398324, 9.167167, 0.105475, 2121.227095999999]
[7.52014, 9.044573, 0.105901, 2122.0563679999987]
[7.49359, 9.962164, 0.128272, 2113.052915]
[7.526179, 9.993831, 0.104622, 2136.6876520000014]
[7.479759, 9.971937, 0.108478, 2107.672522000001]
