[4.265936191999999, 0.37140804838123165, [(0, 6.387648), (32, 5.930083), (1, 5.703569), (2, 5.455051), (15, 5.35294), (113, 5.349811), (262, 5.305696), (18, 5.259982), (199, 5.142514), (28, 5.134506)]]
[4.298676934000003, 0.36068384628132943, [(0, 7.493331), (11, 5.509494), (4, 5.466653), (1, 5.299272), (112, 5.244377), (353, 5.226846), (173, 5.213171), (55, 5.206763), (40, 5.195632), (229, 5.15827)]]
[4.290819996000002, 0.35119299162033973, [(0, 6.516136), (7, 5.546951), (353, 5.388238), (4, 5.281722), (5, 5.214808), (1, 5.18382), (270, 5.093888), (272, 5.088982), (215, 5.071456), (193, 5.047555)]]
[4.30913835, 0.3311723126221265, [(0, 6.644361), (227, 5.288726), (1, 5.283667), (469, 5.155154), (408, 5.043945), (204, 5.041502), (374, 5.040941), (354, 5.014047), (438, 5.002241), (474, 4.976072)]]
[4.3339769399999994, 0.3421397202210997, [(0, 5.976848), (185, 5.727608), (1, 5.542449), (473, 5.333969), (324, 5.321336), (3, 5.308676), (269, 5.296422), (460, 5.222277), (478, 5.210987), (415, 5.194675)]]
[4.267069870000005, 0.33072700946732053, [(0, 6.883639), (45, 5.241612), (4, 5.204327), (1, 5.129601), (2, 5.076119), (455, 5.067774), (5, 5.064548), (173, 5.028863), (296, 5.026276), (212, 5.02384)]]
[4.266083488, 0.34616622055897633, [(0, 5.702254), (258, 5.36839), (1, 5.348999), (225, 5.188939), (421, 5.171142), (5, 5.170686), (419, 5.121967), (494, 5.117317), (116, 5.087724), (52, 5.074291)]]
[4.249999554000002, 0.3599761716982321, [(0, 6.946167), (8, 5.845171), (1, 5.372008), (11, 5.267918), (402, 5.240593), (363, 5.169341), (79, 5.163291), (404, 5.094616), (264, 5.027833), (468, 5.023849)]]
[4.284306736000001, 0.34674410460092076, [(0, 6.901612), (79, 5.266591), (411, 5.194998), (388, 5.175109), (1, 5.158826), (5, 5.144833), (434, 5.051109), (40, 5.048881), (262, 5.039578), (119, 5.038418)]]
[4.290368887999998, 0.3310393553467977, [(0, 5.84639), (5, 5.466987), (239, 5.36441), (234, 5.312886), (320, 5.272185), (214, 5.203076), (470, 5.116891), (9, 5.082396), (1, 5.080089), (425, 5.060774)]]
[4.26170924, 0.3395073441062833, [(0, 6.078106), (1, 5.797931), (5, 5.214535), (466, 5.18541), (266, 5.184738), (135, 5.128407), (368, 5.126972), (448, 5.107897), (409, 5.08786), (311, 5.07344)]]
[4.225978646000001, 0.344376274019725, [(0, 7.322194), (1, 5.243572), (3, 5.208612), (206, 5.127815), (393, 5.035273), (98, 5.006545), (305, 4.996897), (45, 4.982439), (417, 4.959693), (365, 4.950763)]]
[4.396819866000002, 0.3532155339525939, [(0, 6.411431), (3, 5.519781), (175, 5.467598), (327, 5.329632), (177, 5.296758), (41, 5.253716), (201, 5.250546), (355, 5.224712), (7, 5.201825), (254, 5.180022)]]
[4.261391668000005, 0.3502567779567809, [(0, 6.437657), (1, 5.529264), (476, 5.311757), (4, 5.201307), (7, 5.163492), (130, 5.149539), (479, 5.117831), (390, 5.10075), (17, 5.077989), (380, 5.06804)]]
[4.2591698739999995, 0.35060101922885806, [(0, 6.789441), (3, 5.436448), (104, 5.353875), (380, 5.240787), (419, 5.159171), (197, 5.089323), (350, 5.08096), (153, 5.02208), (233, 5.003941), (217, 4.998688)]]
[4.251493262000001, 0.3482243136958838, [(0, 6.321464), (9, 5.559505), (329, 5.459657), (349, 5.298736), (305, 5.241905), (2, 5.20535), (66, 5.176461), (1, 5.172786), (307, 5.160068), (6, 5.109542)]]
[4.2452523819999985, 0.34508773771461676, [(0, 6.726604), (1, 5.228907), (115, 5.192286), (14, 5.142694), (230, 5.099774), (90, 5.055533), (390, 5.053002), (74, 5.025822), (8, 5.006329), (454, 4.99762)]]
[4.229065581999996, 0.3464813697703865, [(0, 6.864683), (414, 5.418907), (7, 5.353413), (45, 5.137209), (1, 5.076142), (123, 5.037559), (99, 5.031099), (81, 5.013286), (172, 5.004047), (43, 4.990345)]]
[4.260983795999999, 0.32167894400201946, [(0, 5.837481), (15, 5.790491), (4, 5.691574), (12, 5.127462), (5, 5.103338), (472, 5.038873), (438, 5.019572), (166, 5.018052), (1, 4.982784), (2, 4.960482)]]
[4.239423519999998, 0.34937851770796335, [(0, 6.841863), (14, 5.379649), (252, 5.359139), (335, 5.323406), (317, 5.322037), (87, 5.256843), (131, 5.250401), (1, 5.242495), (4, 5.204361), (488, 5.189526)]]
[4.250364149999998, 0.34255670337856114, [(0, 6.691073), (139, 5.391387), (162, 5.303229), (460, 5.256083), (1, 5.231867), (2, 5.145136), (135, 5.075934), (36, 5.072077), (98, 5.055066), (478, 5.04003)]]
[4.276905364, 0.3367534666102064, [(0, 6.983948), (355, 5.447778), (4, 5.334191), (1, 5.282841), (219, 5.171927), (136, 5.129077), (161, 5.110157), (39, 5.100463), (396, 5.05467), (76, 5.004166)]]
[4.234637673999999, 0.3437584646798212, [(0, 6.789847), (399, 5.174243), (373, 5.152999), (3, 5.134397), (79, 5.128753), (420, 5.094884), (241, 5.081788), (1, 5.080012), (177, 5.002264), (491, 4.986417)]]
[4.277034851999997, 0.3412325510566393, [(0, 6.452343), (1, 5.337104), (249, 5.231469), (99, 5.219646), (37, 5.083621), (59, 5.077798), (314, 5.070478), (162, 5.040226), (12, 5.010756), (232, 5.009806)]]
[4.24481054, 0.3380545913420264, [(0, 6.507254), (173, 5.470246), (1, 5.410759), (440, 5.220671), (89, 5.207454), (68, 5.14633), (285, 5.135779), (331, 5.105677), (5, 5.082769), (287, 5.054393)]]
[4.2424541919999985, 0.3518018604944084, [(0, 6.709429), (8, 5.698084), (1, 5.505607), (67, 5.302287), (330, 5.268434), (190, 5.21095), (391, 5.130214), (461, 5.10734), (304, 5.094818), (5, 5.063382)]]
[4.244112735999997, 0.3525143736422592, [(0, 7.0067), (33, 5.670935), (6, 5.49674), (459, 5.415332), (1, 5.364211), (390, 5.286484), (219, 5.007691), (135, 4.963353), (47, 4.945215), (361, 4.923167)]]
[4.226105830000001, 0.3244793289130898, [(0, 6.792047), (1, 5.336664), (4, 5.145133), (30, 5.058961), (328, 5.034337), (436, 4.937969), (142, 4.917255), (304, 4.908707), (382, 4.902795), (26, 4.890278)]]
[4.273375304000003, 0.3558259444669143, [(0, 7.02671), (242, 5.333851), (1, 5.329433), (5, 5.285591), (197, 5.250848), (176, 5.101161), (37, 5.09756), (239, 5.097334), (370, 5.095792), (62, 5.080381)]]
[4.215345044000002, 0.35055629196420096, [(0, 6.74109), (496, 5.498472), (325, 5.364132), (1, 5.194175), (139, 5.189042), (328, 5.090631), (137, 5.058168), (153, 5.037539), (70, 4.966654), (420, 4.94499)]]
