s3://higgs-data/higgs
[[12.5, 1, 30], 496.667391225]
[[12.5, 1, 30], 496.544542154]
[[12.5, 1, 30], 501.836963837]
[[12.5, 1, 30], 493.924823279]
[[12.5, 1, 30], 491.337668674]
[[12.5, 1, 30], 495.107078274]
[[12.5, 1, 30], 485.130447909]
[[12.5, 1, 30], 489.911684835]
[[12.5, 1, 30], 487.536820733]
[[12.5, 1, 30], 489.373283765]
[[12.5, 1, 30], 497.883694297]
[[12.5, 1, 30], 487.390567821]
[[12.5, 1, 30], 488.644271587]
[[12.5, 1, 30], 495.983358983]
[[12.5, 1, 30], 488.219530853]
[[12.5, 1, 30], 487.002308467]
[[12.5, 1, 30], 486.982644933]
[[12.5, 1, 30], 487.631831289]
[[12.5, 1, 30], 491.869203591]
[[12.5, 1, 30], 479.93274479]
[[12.5, 1, 30], 504.017671569]
[[12.5, 1, 30], 493.052035701]
[[12.5, 1, 30], 516.729836577]
[[12.5, 1, 30], 496.048213829]
[[12.5, 1, 30], 495.645378418]
[[12.5, 1, 30], 490.94450903]
[[12.5, 1, 30], 487.026373033]
[[12.5, 1, 30], 489.327103661]
[[12.5, 1, 30], 492.73999319]
[[12.5, 1, 30], 488.943706712]
