[6.897204, 6.246205, 6.328788, 6.022709, 5.87523]
[6.294202, 5.686897, 6.294854, 5.938109, 6.751887]
[6.105028, 5.908983, 6.056699, 6.008058, 6.540692]
[6.173042, 6.477949, 6.095502, 6.033943, 6.201096]
[6.403667, 5.428671, 6.686138, 5.915768, 6.243415]
[6.54853, 5.765023, 5.98673, 6.915388, 6.035739]
[6.201405, 6.119451, 6.290579, 6.586959, 5.727927]
[6.129487, 5.8449, 6.280672, 6.555546, 6.145031]
[5.985163, 5.672987, 5.929041, 6.251992, 6.66077]
[6.41017, 5.706572, 6.153748, 6.599066, 5.827861]
[6.230273, 5.535981, 5.847557, 5.908596, 6.102553]
[6.520489, 6.071884, 6.078891, 6.159029, 6.940735]
[6.156025, 5.643956, 5.878484, 6.395461, 6.178515]
[6.112263, 5.76407, 6.061965, 6.213805, 5.73166]
[6.263527, 5.691738, 6.81753, 6.072425, 7.268459]
[6.325582, 5.532529, 6.95214, 5.827756, 5.845758]
[6.425376, 5.814529, 6.063719, 6.991351, 5.775127]
[6.372779, 5.513974, 6.116618, 7.060815, 6.195981]
[6.316084, 5.926554, 6.331587, 5.778534, 7.21223]
[6.299, 5.560051, 6.444764, 5.703831, 6.672213]
[6.17271, 5.712281, 6.127489, 5.981055, 5.990431]
[6.31508, 5.664738, 6.464666, 6.55131, 6.948217]
[6.09962, 6.374565, 6.086293, 6.040141, 7.883583]
[6.334263, 5.746762, 6.136728, 5.684629, 6.311532]
[6.303042, 5.935173, 6.031722, 6.094476, 6.381189]
[6.652135, 5.596279, 5.980229, 5.862618, 5.790766]
[6.133258, 5.784672, 6.21105, 5.642941, 6.001146]
[6.502177, 5.906914, 6.300874, 6.072427, 6.992833]
[6.149197, 5.875323, 6.438012, 6.94939, 5.879511]
[6.111612, 5.635989, 5.985098, 5.692975, 5.966248]
