first at GeneralizedLinearAlgorithm.scala:246	count at DataValidators.scala:40	count at GradientDescent.scala:209	treeAggregate at GradientDescent.scala:239
[7.865216, 16.714873, 0.445729, 31.370136000000002]
[7.364619, 16.883184, 0.513195, 30.965949000000002]
[7.393255, 15.987136, 0.258533, 30.619459999999997]
[7.270125, 16.132167, 0.847252, 30.981532]
[7.437798, 16.707599, 0.485203, 30.677659]
[7.434786, 15.086484, 0.549902, 31.25141]
[7.398914, 16.361463, 0.510232, 30.926321]
[7.423344, 15.714854, 0.704532, 30.955636]
[7.483526, 16.685126, 0.605006, 30.499952999999998]
[7.320275, 16.689991, 0.590312, 30.697417]
[7.469872, 15.553158, 0.386737, 29.624959999999998]
[7.477522, 15.676527, 0.481842, 31.771028]
[7.452545, 16.912046, 0.475985, 30.252441]
[7.422298, 15.797705, 0.699689, 29.883763000000002]
[7.42224, 15.894319, 0.476766, 32.113679000000005]
[7.385648, 15.708299, 0.358385, 30.483765000000002]
[7.495731, 15.444202, 0.49984, 31.070102000000002]
[7.413427, 16.299459, 0.400217, 31.260167]
[7.58557, 16.857962, 0.48771, 31.564988999999997]
[7.442212, 15.323401, 0.598396, 30.679859]
[7.381157, 15.719719, 0.730991, 29.983966000000002]
[7.458701, 16.584845, 0.575161, 31.944011]
[7.466452, 15.625366, 0.504116, 32.484202]
[7.501405, 16.58729, 0.20966, 30.213914000000003]
[7.461179, 15.522158, 0.503606, 30.745601999999998]
[7.369557, 15.535927, 0.543777, 29.882027]
[7.32167, 16.02874, 0.630265, 29.773066999999998]
[7.494324, 16.45375, 0.549837, 31.775225000000002]
[7.471642, 15.710608, 0.588244, 31.291433]
[7.463406, 16.589945, 0.599713, 29.391922]
