[6.274027200000001, 0.3505202386358883, [(0, 6.897204), (2, 6.328788), (1, 6.246205), (3, 6.022709), (4, 5.87523)]]
[6.193189800000001, 0.36168501469062825, [(4, 6.751887), (2, 6.294854), (0, 6.294202), (3, 5.938109), (1, 5.686897)]]
[6.123892, 0.21826423599939584, [(4, 6.540692), (0, 6.105028), (2, 6.056699), (3, 6.008058), (1, 5.908983)]]
[6.1963064, 0.15258448638652616, [(1, 6.477949), (4, 6.201096), (0, 6.173042), (2, 6.095502), (3, 6.033943)]]
[6.1355318, 0.4323542011283805, [(2, 6.686138), (0, 6.403667), (4, 6.243415), (3, 5.915768), (1, 5.428671)]]
[6.250282, 0.42006725970349085, [(3, 6.915388), (0, 6.54853), (4, 6.035739), (2, 5.98673), (1, 5.765023)]]
[6.185264200000001, 0.27792054140304207, [(3, 6.586959), (2, 6.290579), (0, 6.201405), (1, 6.119451), (4, 5.727927)]]
[6.1911271999999995, 0.23091859211886762, [(3, 6.555546), (2, 6.280672), (4, 6.145031), (0, 6.129487), (1, 5.8449)]]
[6.0999906, 0.33535628186786676, [(4, 6.66077), (3, 6.251992), (0, 5.985163), (2, 5.929041), (1, 5.672987)]]
[6.1394834000000005, 0.3374052995692863, [(3, 6.599066), (0, 6.41017), (2, 6.153748), (4, 5.827861), (1, 5.706572)]]
[5.924992, 0.23762111179101938, [(0, 6.230273), (4, 6.102553), (3, 5.908596), (2, 5.847557), (1, 5.535981)]]
[6.3542056, 0.33623337911849277, [(4, 6.940735), (0, 6.520489), (3, 6.159029), (2, 6.078891), (1, 6.071884)]]
[6.0504882, 0.2613002046944471, [(3, 6.395461), (4, 6.178515), (0, 6.156025), (2, 5.878484), (1, 5.643956)]]
[5.9767526, 0.19345404254509638, [(3, 6.213805), (0, 6.112263), (2, 6.061965), (1, 5.76407), (4, 5.73166)]]
[6.422735800000001, 0.5574106338366357, [(4, 7.268459), (2, 6.81753), (0, 6.263527), (3, 6.072425), (1, 5.691738)]]
[6.0967530000000005, 0.49754521989865397, [(2, 6.95214), (0, 6.325582), (4, 5.845758), (3, 5.827756), (1, 5.532529)]]
[6.214020400000001, 0.45248764788161877, [(3, 6.991351), (0, 6.425376), (2, 6.063719), (1, 5.814529), (4, 5.775127)]]
[6.2520334, 0.4969744573817048, [(3, 7.060815), (0, 6.372779), (4, 6.195981), (2, 6.116618), (1, 5.513974)]]
[6.3129978, 0.49879133845182194, [(4, 7.21223), (2, 6.331587), (0, 6.316084), (1, 5.926554), (3, 5.778534)]]
[6.1359718, 0.43079365832166117, [(4, 6.672213), (2, 6.444764), (0, 6.299), (3, 5.703831), (1, 5.560051)]]
[5.996793200000001, 0.16078773158223242, [(0, 6.17271), (2, 6.127489), (4, 5.990431), (3, 5.981055), (1, 5.712281)]]
[6.3888022, 0.4182852969361462, [(4, 6.948217), (3, 6.55131), (2, 6.464666), (0, 6.31508), (1, 5.664738)]]
[6.496840400000001, 0.703265791558668, [(4, 7.883583), (1, 6.374565), (0, 6.09962), (2, 6.086293), (3, 6.040141)]]
[6.0427828, 0.27637474507733134, [(0, 6.334263), (4, 6.311532), (2, 6.136728), (1, 5.746762), (3, 5.684629)]]
[6.149120399999999, 0.16738553031442108, [(4, 6.381189), (0, 6.303042), (3, 6.094476), (2, 6.031722), (1, 5.935173)]]
[5.9764054, 0.3601474007795143, [(0, 6.652135), (2, 5.980229), (3, 5.862618), (4, 5.790766), (1, 5.596279)]]
[5.9546133999999995, 0.21253642988777235, [(2, 6.21105), (0, 6.133258), (4, 6.001146), (1, 5.784672), (3, 5.642941)]]
[6.3550450000000005, 0.3773725434352636, [(4, 6.992833), (0, 6.502177), (2, 6.300874), (3, 6.072427), (1, 5.906914)]]
[6.2582866, 0.40297834775709734, [(3, 6.94939), (2, 6.438012), (0, 6.149197), (4, 5.879511), (1, 5.875323)]]
[5.8783844, 0.1825568917248538, [(0, 6.111612), (2, 5.985098), (4, 5.966248), (3, 5.692975), (1, 5.635989)]]
