[2.203021, 1.406808, 1.553318, 1.385156, 1.349741]
[2.001534, 1.434424, 1.590308, 1.368164, 1.412272]
[1.958118, 1.325881, 1.408545, 1.229446, 1.283166]
[2.115642, 1.436273, 1.646782, 1.442259, 1.354506]
[2.072713, 1.447902, 1.497994, 1.333295, 1.491072]
[2.093063, 1.460186, 1.404908, 1.375908, 1.39992]
[2.056867, 1.441232, 1.509964, 1.329714, 1.474526]
[2.058516, 1.447533, 1.485963, 1.431184, 1.313556]
[2.121957, 1.391859, 1.481332, 1.352747, 1.374931]
[2.020895, 1.445548, 1.478573, 1.346665, 1.486901]
[1.917861, 1.480541, 1.426049, 1.231002, 1.20682]
[1.982903, 1.28884, 1.442115, 1.272395, 1.351749]
[2.013454, 1.391172, 1.464633, 1.446056, 1.380007]
[1.971608, 1.307285, 1.579403, 1.365346, 1.422942]
[1.952046, 1.266985, 1.455664, 1.33725, 1.272593]
[2.030313, 1.369706, 1.56688, 1.48383, 1.323148]
[2.067867, 1.397958, 1.510205, 1.342147, 1.386096]
[2.051183, 1.324888, 1.591134, 1.39234, 1.335904]
[1.937081, 1.321429, 1.39502, 1.214205, 1.387608]
[2.055765, 1.440949, 1.574819, 1.361662, 1.421782]
[2.206558, 1.357056, 1.492998, 1.342737, 1.482062]
[2.163548, 1.44864, 1.48069, 1.426294, 1.398558]
[2.167746, 1.494996, 1.540409, 1.370303, 1.433649]
[2.011679, 1.408314, 1.47057, 1.465117, 1.387906]
[1.907238, 1.405666, 1.386373, 1.272953, 1.439276]
[2.029297, 1.37713, 1.47264, 1.362834, 1.315421]
[2.020753, 1.405296, 1.472492, 1.232393, 1.23024]
[2.014389, 1.457841, 1.505797, 1.461464, 1.369844]
[2.123898, 1.4416, 1.529278, 1.359749, 1.339938]
[2.000976, 1.378689, 1.532657, 1.34561, 1.367473]
