first at GeneralizedLinearAlgorithm.scala:246	count at DataValidators.scala:40	count at GradientDescent.scala:209	treeAggregate at GradientDescent.scala:239
[8.109935, 12.527966, 0.213437, 7.8980440000000005]
[7.556955, 12.909394, 0.304636, 7.806702]
[7.428543, 11.995922, 0.361045, 7.205156000000001]
[7.456853, 11.723642, 0.336207, 7.995461999999999]
[7.722884, 12.494579, 0.324124, 7.842975999999999]
[7.429716, 11.885698, 0.273529, 7.733985]
[10.818712, 12.338429, 0.254781, 7.812303]
[7.663341, 12.482798, 0.294018, 7.736752]
[7.580735, 12.667148, 0.313278, 7.722826]
[10.600928, 12.731084, 0.277239, 7.778582]
[7.735947, 12.422977, 0.326658, 7.262273]
[7.776885, 12.542737, 0.36217, 7.3380019999999995]
[10.818272, 12.660945, 0.408582, 7.695322]
[10.599178, 12.630988, 0.231766, 7.646584]
[7.733942, 12.371815, 0.287774, 7.2845379999999995]
[10.70885, 12.542606, 0.326581, 7.773877000000001]
[7.835186, 12.46585, 0.333221, 7.704273]
[10.719436, 12.403034, 0.217862, 7.695449]
[7.724687, 12.754463, 0.312896, 7.255343]
[10.477577, 11.734961, 0.319454, 7.854977]
[10.51664, 12.901138, 0.240509, 7.881410999999999]
[7.538244, 12.152027, 0.229499, 7.917729999999999]
[7.803467, 12.37181, 0.296571, 8.007103]
[10.801747, 12.597804, 0.227363, 7.7435860000000005]
[10.613818, 12.556702, 0.315686, 7.411506000000001]
[10.537974, 12.759101, 0.232638, 7.557322]
[10.661335, 12.661633, 0.222943, 7.361174]
[7.999667, 12.408973, 0.239523, 7.809335000000001]
[7.660537, 12.848195, 0.334358, 7.7944629999999995]
[10.518622, 12.895552, 0.255997, 7.625404999999999]
