[1.5796088000000001, 0.3193259120894514, [(0, 2.203021), (2, 1.553318), (1, 1.406808), (3, 1.385156), (4, 1.349741)]]
[1.5613404, 0.23248905751247734, [(0, 2.001534), (2, 1.590308), (1, 1.434424), (4, 1.412272), (3, 1.368164)]]
[1.4410312, 0.2650974910159657, [(0, 1.958118), (2, 1.408545), (1, 1.325881), (4, 1.283166), (3, 1.229446)]]
[1.5990923999999997, 0.2756908292436293, [(0, 2.115642), (2, 1.646782), (3, 1.442259), (1, 1.436273), (4, 1.354506)]]
[1.5685951999999999, 0.25886759739403453, [(0, 2.072713), (2, 1.497994), (4, 1.491072), (1, 1.447902), (3, 1.333295)]]
[1.546797, 0.2745237329805931, [(0, 2.093063), (1, 1.460186), (2, 1.404908), (4, 1.39992), (3, 1.375908)]]
[1.5624606, 0.2544772793469782, [(0, 2.056867), (2, 1.509964), (4, 1.474526), (1, 1.441232), (3, 1.329714)]]
[1.5473504, 0.26198345398333844, [(0, 2.058516), (2, 1.485963), (1, 1.447533), (3, 1.431184), (4, 1.313556)]]
[1.5445652, 0.2919824979236941, [(0, 2.121957), (2, 1.481332), (1, 1.391859), (4, 1.374931), (3, 1.352747)]]
[1.5557164, 0.23787280531376423, [(0, 2.020895), (4, 1.486901), (2, 1.478573), (1, 1.445548), (3, 1.346665)]]
[1.4524546, 0.255916716726829, [(0, 1.917861), (1, 1.480541), (2, 1.426049), (3, 1.231002), (4, 1.20682)]]
[1.4676003999999998, 0.26444971199046524, [(0, 1.982903), (2, 1.442115), (4, 1.351749), (1, 1.28884), (3, 1.272395)]]
[1.5390644, 0.23933554137954513, [(0, 2.013454), (2, 1.464633), (3, 1.446056), (1, 1.391172), (4, 1.380007)]]
[1.5293168, 0.23901057489860153, [(0, 1.971608), (2, 1.579403), (4, 1.422942), (3, 1.365346), (1, 1.307285)]]
[1.4569075999999999, 0.25671929755949396, [(0, 1.952046), (2, 1.455664), (3, 1.33725), (4, 1.272593), (1, 1.266985)]]
[1.5547754, 0.25267279845016954, [(0, 2.030313), (2, 1.56688), (3, 1.48383), (1, 1.369706), (4, 1.323148)]]
[1.5408545999999999, 0.26927155089136323, [(0, 2.067867), (2, 1.510205), (1, 1.397958), (4, 1.386096), (3, 1.342147)]]
[1.5390898, 0.27336804073804966, [(0, 2.051183), (2, 1.591134), (3, 1.39234), (4, 1.335904), (1, 1.324888)]]
[1.4510686, 0.25151045193438787, [(0, 1.937081), (2, 1.39502), (4, 1.387608), (1, 1.321429), (3, 1.214205)]]
[1.5709954, 0.2521957026791694, [(0, 2.055765), (2, 1.574819), (1, 1.440949), (4, 1.421782), (3, 1.361662)]]
[1.5762821999999999, 0.3211432002496082, [(0, 2.206558), (2, 1.492998), (4, 1.482062), (1, 1.357056), (3, 1.342737)]]
[1.5835459999999997, 0.29124905398095285, [(0, 2.163548), (2, 1.48069), (1, 1.44864), (3, 1.426294), (4, 1.398558)]]
[1.6014206000000002, 0.2889068099928419, [(0, 2.167746), (2, 1.540409), (1, 1.494996), (4, 1.433649), (3, 1.370303)]]
[1.5487172, 0.2336676730670291, [(0, 2.011679), (2, 1.47057), (3, 1.465117), (1, 1.408314), (4, 1.387906)]]
[1.4823012000000002, 0.21969264626145316, [(0, 1.907238), (4, 1.439276), (1, 1.405666), (2, 1.386373), (3, 1.272953)]]
[1.5114644, 0.26390440586288066, [(0, 2.029297), (2, 1.47264), (1, 1.37713), (3, 1.362834), (4, 1.315421)]]
[1.4722348, 0.2903234944274404, [(0, 2.020753), (2, 1.472492), (1, 1.405296), (3, 1.232393), (4, 1.23024)]]
[1.5618670000000001, 0.2305189835991821, [(0, 2.014389), (2, 1.505797), (3, 1.461464), (1, 1.457841), (4, 1.369844)]]
[1.5588925999999999, 0.2903325578915324, [(0, 2.123898), (2, 1.529278), (1, 1.4416), (3, 1.359749), (4, 1.339938)]]
[1.5250809999999997, 0.2469875243691471, [(0, 2.000976), (2, 1.532657), (1, 1.378689), (4, 1.367473), (3, 1.34561)]]
