[[2, 0.459217], [4, 0.896205], [10, 0.472539], [62, 0.497918], [63, 0.49419], [168, 0.509848], [264, 0.46808], [291, 0.564144], [416, 0.52338], [453, 0.536702]]
[[2, 0.492959], [3, 0.570096], [8, 0.444424], [14, 0.47899], [35, 0.698144]]
[[1, 0.539513], [2, 0.508522], [7, 0.413324], [8, 0.460821], [13, 0.435877], [19, 0.421041], [32, 0.411726]]
[[1, 0.421368], [2, 0.598146], [5, 0.406111], [7, 0.438726], [12, 0.460009], [36, 0.427683]]
[[1, 0.44584], [2, 0.475193], [3, 0.443968], [6, 0.425012], [7, 0.433858], [8, 0.409156], [13, 0.410316], [19, 0.489008], [25, 0.420868], [38, 0.416839], [45, 0.41], [89, 0.430718]]
[[1, 0.430607], [2, 0.64459], [7, 0.437676], [17, 0.413497], [18, 0.418628], [24, 0.407078], [29, 0.411913]]
[[2, 0.501713], [3, 0.435916], [8, 0.445935], [37, 0.838459]]
[[1, 0.467309], [2, 0.577763], [5, 0.447231], [7, 0.482683], [18, 0.433143], [27, 0.756663], [55, 0.616592], [56, 0.438983]]
[[1, 0.505198], [2, 0.473804], [3, 0.440768], [8, 0.484125], [11, 0.413302], [19, 0.4496], [25, 0.432304], [26, 0.425791]]
[[1, 0.445714], [2, 0.53959], [3, 0.501664], [7, 0.488161], [12, 0.467804], [18, 0.447643]]
[[1, 0.446395], [2, 0.618413], [7, 0.463406], [12, 0.428402], [40, 0.676814]]
[[1, 0.409372], [2, 0.51727], [3, 0.44204], [7, 0.495602], [9, 0.410529], [12, 0.410694], [18, 0.438502], [31, 0.415903], [36, 0.413251]]
