[0.228794, 0.177824, 0.428769, 156.5004229999999, 0.015055, 0.092794, 0.124776, 0.324716]
[0.16784, 0.26888, 0.505341, 154.49013099999976, 0.01917, 0.101121, 0.122478, 0.273151]
[13.908744, 0.213794, 0.415091, 150.60766899999987, 0.013807, 0.096366, 0.097696, 0.275516]
[0.17477, 0.176449, 0.432182, 150.78046199999991, 0.014513, 0.09717, 0.107804, 0.281867]
[0.169682, 0.182657, 0.4391, 149.95279500000007, 0.014061, 0.100241, 0.104161, 0.251385]
[0.196934, 0.195, 0.537126, 148.48865200000017, 0.015582, 0.102903, 0.101762, 0.268568]
[0.17967, 0.30091, 0.436414, 151.36898399999995, 0.015846, 0.106145, 0.121048, 0.272694]
[0.191743, 0.332067, 0.474239, 152.68413900000002, 0.01375, 0.08989, 0.106501, 0.278655]
[0.181792, 0.224459, 0.520226, 154.40812300000005, 0.015269, 0.100016, 0.105392, 0.284541]
[13.207312, 14.365569, 0.705162, 153.11858999999993, 0.01505, 0.111661, 0.115338, 0.301674]
[0.175585, 0.251217, 0.423893, 154.10787400000012, 0.01536, 0.113984, 0.097007, 0.265262]
[0.199864, 0.212307, 0.446979, 149.69506999999987, 0.016917, 0.089448, 0.103784, 0.250285]
