[0.3130008459999998, 0.04818346540823195, [(3, 0.896205), (290, 0.564144), (452, 0.536702), (415, 0.52338), (167, 0.509848), (61, 0.497918), (62, 0.49419), (9, 0.472539), (263, 0.46808), (1, 0.459217)]]
[0.3089802619999995, 0.039599147228562344, [(34, 0.698144), (2, 0.570096), (1, 0.492959), (13, 0.47899), (7, 0.444424), (88, 0.426183), (25, 0.41958), (47, 0.416075), (71, 0.413873), (32, 0.41379)]]
[0.3012153379999997, 0.03556739826998534, [(0, 0.539513), (1, 0.508522), (7, 0.460821), (12, 0.435877), (18, 0.421041), (6, 0.413324), (31, 0.411726), (13, 0.404625), (2, 0.398278), (404, 0.39742)]]
[0.30156092399999984, 0.03474784563719347, [(1, 0.598146), (11, 0.460009), (6, 0.438726), (35, 0.427683), (0, 0.421368), (4, 0.406111), (23, 0.398455), (2, 0.395627), (144, 0.395547), (12, 0.395362)]]
[0.2999055900000001, 0.03638007735079601, [(18, 0.489008), (1, 0.475193), (0, 0.44584), (2, 0.443968), (6, 0.433858), (88, 0.430718), (5, 0.425012), (24, 0.420868), (37, 0.416839), (12, 0.410316)]]
[0.29697730400000033, 0.03639024776216267, [(1, 0.64459), (6, 0.437676), (0, 0.430607), (17, 0.418628), (16, 0.413497), (28, 0.411913), (23, 0.407078), (11, 0.405113), (89, 0.394685), (22, 0.394486)]]
[0.3027379679999999, 0.040567382935296395, [(36, 0.838459), (1, 0.501713), (7, 0.445935), (2, 0.435916), (450, 0.412308), (0, 0.40858), (18, 0.406661), (8, 0.405652), (13, 0.399955), (5, 0.399106)]]
[0.30536827800000005, 0.04239277150162178, [(26, 0.756663), (54, 0.616592), (1, 0.577763), (6, 0.482683), (0, 0.467309), (4, 0.447231), (55, 0.438983), (17, 0.433143), (3, 0.418031), (2, 0.403666)]]
[0.30881624600000007, 0.03389546702881498, [(0, 0.505198), (7, 0.484125), (1, 0.473804), (18, 0.4496), (2, 0.440768), (24, 0.432304), (25, 0.425791), (10, 0.413302), (12, 0.409163), (98, 0.400833)]]
[0.30623717999999983, 0.03634799550632195, [(1, 0.53959), (2, 0.501664), (6, 0.488161), (11, 0.467804), (17, 0.447643), (0, 0.445714), (4, 0.410704), (3, 0.410481), (54, 0.402746), (5, 0.399747)]]
[0.30821574800000023, 0.03825991573624403, [(39, 0.676814), (1, 0.618413), (6, 0.463406), (0, 0.446395), (11, 0.428402), (10, 0.416507), (17, 0.409995), (3, 0.407696), (113, 0.393526), (5, 0.392244)]]
[0.29939013999999975, 0.03636142589960411, [(1, 0.51727), (6, 0.495602), (2, 0.44204), (17, 0.438502), (30, 0.415903), (35, 0.413251), (11, 0.410694), (8, 0.410529), (0, 0.409372), (14, 0.398107)]]
