s3://higgs-data/higgs
[[25, 2, 1], 96.69613415]
[[25, 2, 1], 92.079172838]
[[25, 2, 1], 90.090154232]
[[25, 2, 1], 91.727714187]
[[25, 2, 1], 89.604623203]
[[25, 2, 1], 92.165114741]
[[25, 2, 1], 91.355270813]
[[25, 2, 1], 89.664488011]
[[25, 2, 1], 90.310212075]
[[25, 2, 1], 94.117158824]
[[25, 2, 1], 93.433940152]
[[25, 2, 1], 92.936850098]
[[25, 2, 1], 94.33282183]
[[25, 2, 1], 94.441088512]
[[25, 2, 1], 92.769088135]
[[25, 2, 1], 105.634238199]
[[25, 2, 1], 92.783757479]
[[25, 2, 1], 94.171247529]
[[25, 2, 1], 92.46278413]
[[25, 2, 1], 94.037693435]
[[25, 2, 1], 93.471694499]
[[25, 2, 1], 94.142023807]
[[25, 2, 1], 93.322454521]
[[25, 2, 1], 95.10857702]
[[25, 2, 1], 94.18156419]
[[25, 2, 1], 94.461148919]
[[25, 2, 1], 94.806382785]
[[25, 2, 1], 94.406451108]
[[25, 2, 1], 95.227995678]
[[25, 2, 1], 93.019819998]
