s3://20-gb-synth-data/20_gb_synth
[[12.5, 1, 30], 475.521617242]
[[12.5, 1, 30], 467.224601921]
[[12.5, 1, 30], 467.60757769]
[[12.5, 1, 30], 464.416726852]
[[12.5, 1, 30], 499.598187926]
[[12.5, 1, 30], 486.722566714]
[[12.5, 1, 30], 463.306227968]
[[12.5, 1, 30], 463.709823474]
[[12.5, 1, 30], 464.048637514]
[[12.5, 1, 30], 461.919710001]
[[12.5, 1, 30], 463.192850423]
[[12.5, 1, 30], 464.321805983]
[[12.5, 1, 30], 462.776746888]
[[12.5, 1, 30], 468.627937165]
[[12.5, 1, 30], 463.556013874]
[[12.5, 1, 30], 465.985436832]
[[12.5, 1, 30], 471.783632142]
[[12.5, 1, 30], 468.924362925]
[[12.5, 1, 30], 468.938928025]
[[12.5, 1, 30], 477.044056548]
[[12.5, 1, 30], 459.530810771]
[[12.5, 1, 30], 467.987430238]
[[12.5, 1, 30], 468.045026855]
[[12.5, 1, 30], 472.703297446]
[[12.5, 1, 30], 463.95944122]
[[12.5, 1, 30], 484.019163636]
[[12.5, 1, 30], 465.084401829]
[[12.5, 1, 30], 464.841658723]
[[12.5, 1, 30], 460.39368358]
[[12.5, 1, 30], 470.476511303]
