[2.234957, 1.474146, 1.513629, 1.47323, 1.46649]
[2.289454, 1.371842, 1.3894, 1.394712, 1.361374]
[2.012712, 1.394133, 1.479311, 1.38522, 1.398117]
[2.025573, 1.431172, 1.525507, 1.411919, 1.411437]
[2.216323, 1.392552, 1.540122, 1.466832, 1.409844]
[2.338248, 1.36862, 1.461804, 1.45674, 1.387306]
[2.050917, 1.407, 1.351957, 1.322673, 1.361932]
[2.183208, 1.364258, 1.426593, 1.481007, 1.38201]
[2.062595, 1.488218, 1.520538, 1.4879, 1.43038]
[2.087404, 1.469491, 1.491069, 1.50513, 1.482522]
[2.08487, 1.252296, 1.368826, 1.278627, 1.242808]
[2.113423, 1.455925, 1.440089, 1.518078, 1.437683]
[1.99529, 1.500567, 1.386129, 1.332608, 1.480966]
[2.067969, 1.497974, 1.319754, 1.36413, 1.572677]
[2.122125, 1.527359, 1.610325, 1.439867, 1.374402]
[2.236273, 1.579939, 1.480804, 1.452772, 1.457465]
[2.155668, 1.393398, 1.418144, 1.360695, 1.38735]
[2.167313, 1.492957, 1.422903, 1.459983, 1.332764]
[2.309918, 1.348056, 1.480135, 1.453838, 1.373229]
[2.097342, 1.344104, 1.493064, 1.403738, 1.449988]
[2.168329, 1.456935, 1.436316, 1.427792, 1.429451]
[2.106527, 1.417509, 1.318455, 1.431686, 1.274041]
[2.106297, 1.423332, 1.51488, 1.438871, 1.365067]
[2.096918, 1.379214, 1.423106, 1.427735, 1.539559]
[2.09031, 1.552105, 1.317696, 1.432101, 1.329499]
[2.095003, 1.485332, 1.390338, 1.444973, 1.336523]
[2.116852, 1.448245, 1.368764, 1.371222, 1.329508]
[2.088666, 1.396546, 1.375846, 1.507728, 1.401439]
[1.984581, 1.331397, 1.469847, 1.344492, 1.456635]
[2.12796, 1.517423, 1.411228, 1.452055, 1.428821]
