first at GeneralizedLinearAlgorithm.scala:246	count at DataValidators.scala:40	count at GradientDescent.scala:209	treeAggregate at GradientDescent.scala:239
[5.727808, 7.295467, 0.303484, 8.162452]
[5.234724, 6.865786, 0.364045, 7.806782]
[5.236393, 7.158112, 0.248726, 7.669493]
[5.186426, 7.171204, 0.323985, 7.805608]
[5.473434, 7.671251, 0.286061, 8.025673000000001]
[5.435124, 7.649384, 0.262933, 8.012718]
[8.407387, 7.827185, 0.376868, 7.494479]
[8.267488, 6.970938, 0.300593, 7.837076000000001]
[8.335631, 6.945505, 0.443382, 7.989630999999999]
[8.39797, 6.947976, 0.325038, 8.035616000000001]
[8.323413, 7.03933, 0.35538, 7.2274270000000005]
[8.370596, 6.943143, 0.283847, 7.965198]
[8.272931, 6.943113, 0.373122, 7.69556]
[8.301997, 7.181542, 0.312896, 7.822504]
[8.369629, 6.923947, 0.256434, 8.074078]
[8.337115, 6.999535, 0.428097, 8.207253000000001]
[8.237315, 6.924929, 0.199474, 7.715254999999999]
[8.458552, 7.463516, 0.417709, 7.875920000000001]
[8.452908, 7.035044, 0.311685, 7.9651760000000005]
[8.308076, 6.922344, 0.385458, 7.7882359999999995]
[8.280575, 6.848474, 0.295701, 7.918823000000001]
[8.302273, 6.872597, 0.307126, 7.548218]
[8.401519, 7.556488, 0.322837, 7.848446999999999]
[8.292764, 6.835055, 0.356589, 7.866531999999999]
[8.309226, 7.125934, 0.342207, 7.721711000000001]
[8.401116, 6.881908, 0.250337, 7.752169]
[8.170746, 6.925681, 0.413309, 7.6345909999999995]
[8.233787, 6.978204, 0.345696, 7.770225]
[8.192648, 7.14229, 0.343021, 7.586952]
[8.453307, 6.824624, 0.31974, 7.937487]
