[1.6324904, 0.30169089921480896, [(0, 2.234957), (2, 1.513629), (1, 1.474146), (3, 1.47323), (4, 1.46649)]]
[1.5613564, 0.36424556079524156, [(0, 2.289454), (3, 1.394712), (2, 1.3894), (1, 1.371842), (4, 1.361374)]]
[1.5338986000000001, 0.24179266739634603, [(0, 2.012712), (2, 1.479311), (4, 1.398117), (1, 1.394133), (3, 1.38522)]]
[1.5611216, 0.23602427695438452, [(0, 2.025573), (2, 1.525507), (1, 1.431172), (3, 1.411919), (4, 1.411437)]]
[1.6051346000000002, 0.3099145972332378, [(0, 2.216323), (2, 1.540122), (3, 1.466832), (4, 1.409844), (1, 1.392552)]]
[1.6025436, 0.3696957570898536, [(0, 2.338248), (2, 1.461804), (3, 1.45674), (4, 1.387306), (1, 1.36862)]]
[1.4988958000000001, 0.277336190210654, [(0, 2.050917), (1, 1.407), (4, 1.361932), (2, 1.351957), (3, 1.322673)]]
[1.5674152000000001, 0.3105305066079016, [(0, 2.183208), (3, 1.481007), (2, 1.426593), (4, 1.38201), (1, 1.364258)]]
[1.5979261999999999, 0.23414500215071857, [(0, 2.062595), (2, 1.520538), (1, 1.488218), (3, 1.4879), (4, 1.43038)]]
[1.6071232000000002, 0.24042001520289438, [(0, 2.087404), (3, 1.50513), (2, 1.491069), (4, 1.482522), (1, 1.469491)]]
[1.4454854000000001, 0.32277897351568613, [(0, 2.08487), (2, 1.368826), (3, 1.278627), (1, 1.252296), (4, 1.242808)]]
[1.5930396, 0.2618198224761449, [(0, 2.113423), (3, 1.518078), (1, 1.455925), (2, 1.440089), (4, 1.437683)]]
[1.539112, 0.23622563041719247, [(0, 1.99529), (1, 1.500567), (4, 1.480966), (2, 1.386129), (3, 1.332608)]]
[1.5645008, 0.26759011468243743, [(0, 2.067969), (4, 1.572677), (1, 1.497974), (3, 1.36413), (2, 1.319754)]]
[1.6148156, 0.2658711572951079, [(0, 2.122125), (2, 1.610325), (1, 1.527359), (3, 1.439867), (4, 1.374402)]]
[1.6414506000000002, 0.3009501652012174, [(0, 2.236273), (1, 1.579939), (2, 1.480804), (4, 1.457465), (3, 1.452772)]]
[1.5430509999999997, 0.30685302015264565, [(0, 2.155668), (2, 1.418144), (1, 1.393398), (4, 1.38735), (3, 1.360695)]]
[1.5751840000000001, 0.30086749971773286, [(0, 2.167313), (1, 1.492957), (3, 1.459983), (2, 1.422903), (4, 1.332764)]]
[1.5930352, 0.3617659018135347, [(0, 2.309918), (2, 1.480135), (3, 1.453838), (4, 1.373229), (1, 1.348056)]]
[1.5576472, 0.27434311011024126, [(0, 2.097342), (2, 1.493064), (4, 1.449988), (3, 1.403738), (1, 1.344104)]]
[1.5837646, 0.2924662421276001, [(0, 2.168329), (1, 1.456935), (2, 1.436316), (4, 1.429451), (3, 1.427792)]]
[1.5096436, 0.30426883869604515, [(0, 2.106527), (3, 1.431686), (1, 1.417509), (2, 1.318455), (4, 1.274041)]]
[1.5696894, 0.2725274502141757, [(0, 2.106297), (2, 1.51488), (3, 1.438871), (1, 1.423332), (4, 1.365067)]]
[1.5733063999999999, 0.2671071122442082, [(0, 2.096918), (4, 1.539559), (3, 1.427735), (2, 1.423106), (1, 1.379214)]]
[1.5443422000000002, 0.2857499911596849, [(0, 2.09031), (1, 1.552105), (3, 1.432101), (4, 1.329499), (2, 1.317696)]]
[1.5504338, 0.2768769885067375, [(0, 2.095003), (1, 1.485332), (3, 1.444973), (2, 1.390338), (4, 1.336523)]]
[1.5269182, 0.2974680505589803, [(0, 2.116852), (1, 1.448245), (3, 1.371222), (2, 1.368764), (4, 1.329508)]]
[1.554045, 0.27122473632321953, [(0, 2.088666), (3, 1.507728), (4, 1.401439), (1, 1.396546), (2, 1.375846)]]
[1.5173904, 0.24029400816799404, [(0, 1.984581), (2, 1.469847), (4, 1.456635), (3, 1.344492), (1, 1.331397)]]
[1.5874974, 0.27261841043671275, [(0, 2.12796), (1, 1.517423), (3, 1.452055), (4, 1.428821), (2, 1.411228)]]
