s3://20-gb-synth-data/20_gb_synth
[[25, 2, 30], 449.337003311]
[[25, 2, 30], 483.021653902]
[[25, 2, 30], 504.006672093]
[[25, 2, 30], 475.861251131]
[[25, 2, 30], 467.608045585]
[[25, 2, 30], 495.111154708]
[[25, 2, 30], 491.380537508]
[[25, 2, 30], 481.818724574]
[[25, 2, 30], 448.978612421]
[[25, 2, 30], 504.350305573]
[[25, 2, 30], 437.323826509]
[[25, 2, 30], 496.090556313]
[[25, 2, 30], 443.025751209]
[[25, 2, 30], 456.219315211]
[[25, 2, 30], 467.681981367]
[[25, 2, 30], 439.527360532]
[[25, 2, 30], 484.139882221]
[[25, 2, 30], 473.422091684]
[[25, 2, 30], 484.848246821]
[[25, 2, 30], 462.637873506]
[[25, 2, 30], 476.528694956]
[[25, 2, 30], 480.628349334]
[[25, 2, 30], 476.657393269]
[[25, 2, 30], 496.700779643]
[[25, 2, 30], 479.367739544]
[[25, 2, 30], 493.174948913]
[[25, 2, 30], 491.919613284]
[[25, 2, 30], 476.668835091]
[[25, 2, 30], 492.742040893]
[[25, 2, 30], 454.240114383]
