[2.6455, 1.846607, 1.695922, 1.686473, 1.740014]
[2.415014, 1.84402, 1.682871, 1.676871, 1.566353]
[2.443011, 1.73719, 1.64482, 1.798492, 1.617101]
[2.442965, 1.738509, 1.698225, 1.693736, 1.848213]
[2.484997, 1.913809, 1.703336, 1.612462, 1.746675]
[2.508873, 1.796762, 1.638454, 1.700234, 1.625253]
[2.382701, 1.805859, 1.678673, 1.65375, 1.586046]
[2.524093, 1.817106, 1.659889, 1.729298, 1.574453]
[2.421391, 1.708501, 1.700956, 1.759591, 1.559814]
[2.440452, 1.797226, 1.575616, 1.790936, 1.673846]
[2.40766, 1.881983, 1.659642, 1.724354, 1.531613]
[2.24353, 1.896264, 1.666806, 1.783706, 1.6797]
[2.637968, 1.699755, 1.801349, 1.726012, 1.618856]
[2.403007, 1.632313, 1.637154, 1.734515, 1.598521]
[2.422987, 1.685153, 1.70591, 1.830681, 1.732109]
[2.347621, 1.754566, 1.570933, 1.860946, 1.679694]
[2.403355, 1.849749, 1.740515, 1.666702, 1.577258]
[2.347137, 1.975778, 1.609476, 1.651547, 1.695131]
[2.410812, 1.78291, 1.699666, 1.757615, 1.658195]
[2.35706, 1.781986, 1.681365, 1.626774, 1.525383]
[2.46672, 1.824132, 1.604294, 1.81074, 1.55329]
[2.408474, 1.800236, 1.594697, 1.723707, 1.551925]
[2.520438, 1.794832, 1.7157, 1.708876, 1.59749]
[2.396547, 1.736677, 1.790959, 1.619649, 1.550734]
[2.456665, 1.721008, 1.612399, 1.672994, 1.561305]
[2.393634, 1.878244, 1.723283, 1.902022, 1.553359]
[2.327147, 1.701437, 1.687248, 1.870389, 1.571342]
[2.460394, 1.710511, 1.623177, 1.638142, 1.716093]
[2.40057, 1.840785, 1.750804, 1.754862, 1.596616]
[2.429578, 1.870844, 1.666416, 1.847632, 1.591445]
