first at GeneralizedLinearAlgorithm.scala:246	count at DataValidators.scala:40	count at GradientDescent.scala:209	treeAggregate at GradientDescent.scala:239
[4.177766, 8.379489, 0.252659, 9.614516]
[3.803474, 7.822168, 0.299959, 9.185129]
[4.338837, 7.432817, 0.223366, 9.240614]
[4.105435, 7.293483, 0.241944, 9.421648]
[4.079099, 7.730948, 0.259452, 9.461279000000001]
[6.78667, 7.881808, 0.230749, 9.269576]
[7.248074, 7.491514, 0.243416, 9.107028999999999]
[7.04777, 7.507802, 0.248006, 9.304839000000001]
[7.133057, 7.321788, 0.231608, 9.150253]
[7.035812, 7.598004, 0.237913, 9.278076]
[7.045647, 7.805118, 0.259152, 9.205252]
[7.050781, 7.54675, 0.275566, 9.270006]
[7.160591, 7.393907, 0.322149, 9.48394]
[7.116004, 7.359926, 0.252703, 9.005510000000001]
[7.14633, 7.653893, 0.268684, 9.37684]
[7.111682, 7.519705, 0.272634, 9.21376]
[7.23362, 7.568242, 0.23533, 9.237579]
[6.998416, 7.470453, 0.244783, 9.279069]
[7.105067, 7.343266, 0.262565, 9.309197999999999]
[6.951029, 7.617871, 0.227997, 8.972568]
[7.077238, 7.560974, 0.315606, 9.259176]
[7.058968, 7.501431, 0.247246, 9.079039]
[7.338399, 7.401222, 0.221536, 9.337336]
[6.881038, 7.318535, 0.345894, 9.094566]
[6.934823, 7.464855, 0.245886, 9.024371]
[7.295007, 7.781444, 0.244305, 9.450542]
[6.990061, 7.5357, 0.323865, 9.157563000000001]
[7.220035, 7.583357, 0.254388, 9.148317]
[7.001462, 7.546457, 0.255149, 9.343637000000001]
[7.196021, 7.608491, 0.233236, 9.405914999999998]
