[1.9229032, 0.3657418241346757, [(0, 2.6455), (1, 1.846607), (4, 1.740014), (2, 1.695922), (3, 1.686473)]]
[1.8370258, 0.3022569453821699, [(0, 2.415014), (1, 1.84402), (2, 1.682871), (3, 1.676871), (4, 1.566353)]]
[1.8481228, 0.30442219810217513, [(0, 2.443011), (3, 1.798492), (1, 1.73719), (2, 1.64482), (4, 1.617101)]]
[1.8843295999999998, 0.2848165756465729, [(0, 2.442965), (4, 1.848213), (1, 1.738509), (2, 1.698225), (3, 1.693736)]]
[1.8922558000000003, 0.3120819447795082, [(0, 2.484997), (1, 1.913809), (4, 1.746675), (2, 1.703336), (3, 1.612462)]]
[1.8539152, 0.3330357487414226, [(0, 2.508873), (1, 1.796762), (3, 1.700234), (2, 1.638454), (4, 1.625253)]]
[1.8214057999999997, 0.28954079486621564, [(0, 2.382701), (1, 1.805859), (2, 1.678673), (3, 1.65375), (4, 1.586046)]]
[1.8609678000000003, 0.34103349953774337, [(0, 2.524093), (1, 1.817106), (3, 1.729298), (2, 1.659889), (4, 1.574453)]]
[1.8300505999999999, 0.30302328784870636, [(0, 2.421391), (3, 1.759591), (1, 1.708501), (2, 1.700956), (4, 1.559814)]]
[1.8556152000000001, 0.3036663874362127, [(0, 2.440452), (1, 1.797226), (3, 1.790936), (4, 1.673846), (2, 1.575616)]]
[1.8410503999999999, 0.304959170525236, [(0, 2.40766), (1, 1.881983), (3, 1.724354), (2, 1.659642), (4, 1.531613)]]
[1.8540012000000001, 0.21160491329872275, [(0, 2.24353), (1, 1.896264), (3, 1.783706), (4, 1.6797), (2, 1.666806)]]
[1.8967880000000001, 0.3751503797172541, [(0, 2.637968), (2, 1.801349), (3, 1.726012), (1, 1.699755), (4, 1.618856)]]
[1.8011020000000002, 0.3043455905315535, [(0, 2.403007), (3, 1.734515), (2, 1.637154), (1, 1.632313), (4, 1.598521)]]
[1.875368, 0.2783179470318075, [(0, 2.422987), (3, 1.830681), (4, 1.732109), (2, 1.70591), (1, 1.685153)]]
[1.8427520000000002, 0.269619724618953, [(0, 2.347621), (3, 1.860946), (1, 1.754566), (4, 1.679694), (2, 1.570933)]]
[1.8475158, 0.2919398168701213, [(0, 2.403355), (1, 1.849749), (2, 1.740515), (3, 1.666702), (4, 1.577258)]]
[1.8558138, 0.2771339371664178, [(0, 2.347137), (1, 1.975778), (4, 1.695131), (3, 1.651547), (2, 1.609476)]]
[1.8618395999999997, 0.27793335338141767, [(0, 2.410812), (1, 1.78291), (3, 1.757615), (2, 1.699666), (4, 1.658195)]]
[1.7945136000000002, 0.29325274145733066, [(0, 2.35706), (1, 1.781986), (2, 1.681365), (3, 1.626774), (4, 1.525383)]]
[1.8518352, 0.32586668506148336, [(0, 2.46672), (1, 1.824132), (3, 1.81074), (2, 1.604294), (4, 1.55329)]]
[1.8158078, 0.3093549356162917, [(0, 2.408474), (1, 1.800236), (3, 1.723707), (2, 1.594697), (4, 1.551925)]]
[1.8674672, 0.33248124102415155, [(0, 2.520438), (1, 1.794832), (2, 1.7157), (3, 1.708876), (4, 1.59749)]]
[1.8189132000000001, 0.30094230061751037, [(0, 2.396547), (2, 1.790959), (1, 1.736677), (3, 1.619649), (4, 1.550734)]]
[1.8048742, 0.33034219573732937, [(0, 2.456665), (1, 1.721008), (3, 1.672994), (2, 1.612399), (4, 1.561305)]]
[1.8901084000000001, 0.2810877443764491, [(0, 2.393634), (3, 1.902022), (1, 1.878244), (2, 1.723283), (4, 1.553359)]]
[1.8315126000000004, 0.26555056413918615, [(0, 2.327147), (3, 1.870389), (1, 1.701437), (2, 1.687248), (4, 1.571342)]]
[1.8296634, 0.31756375737832554, [(0, 2.460394), (4, 1.716093), (1, 1.710511), (3, 1.638142), (2, 1.623177)]]
[1.8687274000000003, 0.2773276764000305, [(0, 2.40057), (1, 1.840785), (3, 1.754862), (2, 1.750804), (4, 1.596616)]]
[1.8811829999999996, 0.29395326617678524, [(0, 2.429578), (1, 1.870844), (3, 1.847632), (2, 1.666416), (4, 1.591445)]]
