[0.17741658200000007, 0.17894756999999983, 0.18685449400000007, 0.17534582599999982, 0.1744832180000003, 0.16758601999999992, 0.16694633599999983, 0.17791531600000013, 0.18284631999999984, 0.17126207599999993, 0.17033103200000024, 0.178731816, 0.17312956999999998, 0.1751872220000001, 0.17279725999999995, 0.16532978799999987, 0.18449314400000003, 0.167088066, 0.17056052400000013, 0.16982455599999985, 0.18302302399999984, 0.17629963799999995, 0.18129516800000006, 0.16814604400000002, 0.1699238560000001, 0.18689359199999994, 0.18382998400000025, 0.171474432, 0.17418003600000012, 0.1682087180000001]
[0.20454736666666665, 0.1997080333333333, 0.21856373333333332, 0.19910893333333332, 0.19688916666666673, 0.19643276666666667, 0.1894117333333333, 0.2019879333333334, 0.2143321, 0.19760613333333332, 0.19137403333333333, 0.19848606666666666, 0.1914844666666667, 0.19865343333333332, 0.19838356666666668, 0.1920586333333333, 0.2073328666666667, 0.1902035333333333, 0.19261583333333337, 0.1935971333333333, 0.20497479999999998, 0.19985933333333336, 0.20389580000000004, 0.19288769999999997, 0.19553386666666667, 0.21757063333333335, 0.20839166666666667, 0.19111769999999997, 0.2269047666666667, 0.20763133333333333]
[0.175684829787234, 0.17762243404255312, 0.18483050000000006, 0.17382903191489352, 0.17305305106383, 0.16574473829787226, 0.16551237446808498, 0.1763787659574469, 0.18083658936170194, 0.16958054042553178, 0.16898786170212787, 0.17747090638297872, 0.17195798085106384, 0.17368937872340434, 0.17116409148936162, 0.16362369148936162, 0.18303528936170219, 0.1656126106382978, 0.16915273829787245, 0.16830715744680838, 0.1816218468085105, 0.17479582765957444, 0.17985257446808517, 0.1665667893617022, 0.1682891744680851, 0.1849354829787233, 0.1822622170212768, 0.17022060638297865, 0.17081462765957459, 0.16569238085106391]
[0.0299828013406899, 0.025340415482250876, 0.030325027944092055, 0.013833994868862852, 0.011799244848992496, 0.017643524896448565, 0.013630819825348153, 0.011135472533491514, 0.01852559845590959, 0.01657263385808738, 0.02648854293000987, 0.012583954205024117, 0.01740072605292952, 0.013578117145934347, 0.025542119086802494, 0.011874635130523208, 0.02443500766791909, 0.011260791775254709, 0.020238903515196267, 0.01529434070324262, 0.012882903795473436, 0.023211006890330194, 0.027773929003433704, 0.012849362954717404, 0.02471129770690451, 0.01895849510128733, 0.014888313354700186, 0.010519622125978473, 0.0334430899512994, 0.02352593739629677]
[0.026710170141082134, 0.015084327649326044, 0.05117662754092166, 0.02927764436554887, 0.01353853619385132, 0.04739277861002548, 0.010716230484436005, 0.015758073164642374, 0.053221701372873575, 0.044842794719429445, 0.013259425961640354, 0.012874906049970056, 0.009687883101184808, 0.012459454066914632, 0.028445963894939863, 0.016922225658353048, 0.01801660302930482, 0.009890230070574137, 0.010697903449066806, 0.01243516705619814, 0.01926065679461633, 0.014764539214693503, 0.016898353512300145, 0.016742390375232164, 0.022296186666084603, 0.048298160204769236, 0.03597155342798282, 0.009303786133075073, 0.11951383695753484, 0.07584897178531089]
[0.029339875351748406, 0.025285055798282212, 0.027255395274342273, 0.01051366111350465, 0.010115314611778753, 0.011458271011825833, 0.012492315841901228, 0.008758640424740867, 0.010816009193994228, 0.01080293247803398, 0.026554436852816818, 0.011462324336516186, 0.017124374958795447, 0.012199680786597106, 0.024452792673868642, 0.009122293620956783, 0.024063230647018066, 0.009611085805524965, 0.019885238780328014, 0.014163422335281504, 0.010961853991249314, 0.02283712054524297, 0.02770771352894173, 0.010778934105136069, 0.02394490188042493, 0.013021782421002246, 0.010594946615577841, 0.009273595028551563, 0.009452376921586738, 0.010772559093109074]
0.17501170759999998
0.20071816888888888
0.17337086964539009
0.01900835435158103
0.027710236055062773
0.015827404534289283
