[[1, 0.297709], [8, 0.28618], [34, 0.446557], [68, 0.694916]]
[[3, 0.258188], [370, 0.447397], [372, 0.585819]]
[[21, 0.480548], [53, 0.701943], [252, 0.295865]]
[[15, 0.223267], [22, 0.348262], [34, 0.224791], [53, 0.234043], [186, 0.231134], [200, 0.235358]]
[[1, 0.213752], [2, 0.231671], [6, 0.21464], [11, 0.210417], [16, 0.231199], [17, 0.217922], [34, 0.218907], [91, 0.235566], [94, 0.228989], [183, 0.219524], [230, 0.247269], [328, 0.218268]]
[[16, 0.221389], [23, 0.443832], [56, 0.226086], [77, 0.224781], [101, 0.236292], [147, 0.225024]]
[[2, 0.209369], [4, 0.214839], [16, 0.218079], [44, 0.257201], [54, 0.210313], [84, 0.210829], [250, 0.229678], [307, 0.214344], [367, 0.2765], [431, 0.222555]]
[[2, 0.24114], [3, 0.226186], [4, 0.213631], [7, 0.228036], [12, 0.231768], [14, 0.237865], [38, 0.215635], [49, 0.222599], [53, 0.217402], [122, 0.21271], [272, 0.212516]]
[[8, 0.493395], [28, 0.244136], [34, 0.253942], [53, 0.243234]]
[[15, 0.235676], [23, 0.431082], [119, 0.239837], [156, 0.235677]]
[[309, 0.611971], [330, 0.43536]]
[[2, 0.224028], [4, 0.225928], [6, 0.219424], [16, 0.23443], [36, 0.279133], [53, 0.23562], [64, 0.217743], [93, 0.216788], [158, 0.22996], [314, 0.226599], [476, 0.243749]]
[[33, 0.459535], [35, 0.228594], [276, 0.239561]]
[[6, 0.226857], [7, 0.218028], [33, 0.239968], [43, 0.218816], [52, 0.221213], [65, 0.231126], [91, 0.226959], [165, 0.297494], [357, 0.22299]]
[[17, 0.327614], [140, 0.291319], [199, 0.603731]]
[[2, 0.216426], [4, 0.204081], [9, 0.256007], [10, 0.209514], [16, 0.229223], [53, 0.206864], [401, 0.206251]]
[[10, 0.269807], [34, 0.289838], [131, 0.619044]]
[[2, 0.207161], [5, 0.2101], [6, 0.201273], [16, 0.20743], [17, 0.203802], [36, 0.222066], [60, 0.201304], [79, 0.204489], [298, 0.230396]]
[[74, 0.235094], [79, 0.53611]]
[[5, 0.220587], [15, 0.228211], [495, 0.380628]]
[[1, 0.262116], [10, 0.238677], [14, 0.256985], [15, 0.233071], [34, 0.245203], [90, 0.222448]]
[[50, 0.254165], [69, 0.603311]]
[[71, 0.441423], [98, 0.654579]]
[[4, 0.212362], [6, 0.240344], [10, 0.211113], [16, 0.246088], [43, 0.211423], [55, 0.208115], [62, 0.270501]]
[[14, 0.278748], [66, 0.605129]]
[[3, 0.252212], [13, 0.4658], [34, 0.27214], [159, 0.273241], [206, 0.245467]]
[[15, 0.256258], [21, 0.389257], [90, 0.233818], [167, 0.249002], [300, 0.233571]]
[[2, 0.211042], [3, 0.205692], [15, 0.20432], [16, 0.211824], [75, 0.206271], [120, 0.209777], [186, 0.235442], [248, 0.209649], [304, 0.208981], [362, 0.214523], [486, 0.209486]]
[[1, 0.614408], [2, 0.719782]]
[[12, 0.262464], [15, 0.603583]]
