0.0771991074203
0.0908459884276
0.0185423962596
0.0130819516095
0.00806062547587
0.0110982362763
0.0149692116441
0.0558097271867
0.0150734858111
0.0171711116155
0.0132612575641
0.0161667115961
0.0499102205805
0.0223417071307
0.0733779053921
0.0191016574379
0.0258783920069
0.0127786282754
0.0131721630939
0.00856391388949
0.063335998779
0.031195383114
0.0621288016318
0.0073677580972
0.00832313339528
0.0118760618942
0.00764738020821
0.0154215195699
0.010570217042
0.0129801152935
0.00845497131081
0.0101484299623
0.0498582918979
0.0516425309005
0.0137318816904
0.0207298353393
0.0157263330694
0.0161977249102
0.0100565642095
0.0108092313276
0.010754565576
0.0132147685154
0.0118887602679
0.0186265306337
0.0111889735772
0.0103908353765
0.0114518211836
0.0095638334864
0.0157333751885
0.0157454435372
0.00951765229805
0.0155577823559
0.0937086010512
0.00905340847299
0.0151966895468
0.0135811632405
0.0146927495428
0.01139196314
0.010190064231
0.0143678066856
0.00978408171703
0.0204866335001
0.0101590286213
0.0122470599264
0.0155063182583
0.0770079330348
0.00864481003583
0.0926242534581
0.0768505409442
0.0105112814715
0.0480983255921
0.0119376133861
0.0157447961553
0.0136603205158
0.0145731301069
0.00934444931384
0.015006754731
0.00810120125393
0.0649686504544
0.00832566393642
0.00920760000851
0.0105522757291
0.00849970980655
0.00898280364153
0.00993556506591
0.00955419686612
0.00884575446088
0.00831601493398
0.00938594573368
0.0140428018512
0.0157903226544
0.00818419917891
0.0153219581728
0.0147869646651
0.010204228429
0.00968240736714
0.0111752654304
0.0862511351136
0.0102709735913
0.00640843575471
0.0133717106173
0.00956587198999
0.0105413436477
0.00809992699034
0.00858059554531
0.00709369136855
0.0109960389747
0.00777967272555
0.0105850742825
0.0085820576922
0.00935248347297
0.0100222188359
0.00927219789478
0.0109393633254
0.0124809843558
0.0107872457019
0.0130130983143
0.0124265297804
0.0178826607407
0.0119306266393
0.00972426297944
0.0117157759922
0.0120965670438
0.00771279473084
0.00795311429874
0.00983363086533
0.0127020029107
0.00855718307655
0.00811568790403
0.00943193465043
0.0800642057534
0.0082552871971
0.0067182860344
0.00908067633825
0.0101421665566
0.00771824080532
0.0172457252596
0.0118856200502
0.0106439823928
0.0223714790912
0.012858506982
0.0127961160089
0.00927711135621
0.00869989286677
0.0101320371156
0.0160180582368
0.0145938322505
0.0120599378912
0.00901763511768
0.0070934138689
0.00770598160082
0.00858817281751
0.0104833944024
0.009091018504
0.00849974542521
0.015121689382
0.0120506965013
0.0159466072428
0.0195965657286
0.01107886966
0.0139395619059
0.00987136895381
0.00818026172014
0.0126933582057
0.0250811207324
0.0152850607775
0.0168033458059
0.0122397266346
0.00811510876877
0.00867474599494
0.00985944579133
0.0118353880393
0.0110891736079
0.00851839066856
0.0076936132852
0.0107737131369
0.0122871023189
0.00825417339835
0.00681882558485
0.0139769186035
0.00853119848041
0.0138680419442
0.014139734375
0.0116165630071
0.0122103646374
0.0180027384407
0.0102082283493
0.010709101779
0.0109006098751
0.00903678950267
0.0104079778762
0.0107908731409
0.00836329350967
0.0121050844489
0.0111193610798
0.00925583335014
0.0104699803271
0.00885009810467
0.0782833326421
0.0144949467495
0.00829100242003
0.00823706823788
0.0118847021897
0.0118548512154
0.0103174831296
0.0149377247351
0.0113505338117
0.013779986324
0.0128814601298
0.00902746959132
0.0107191957922
0.00671218299115
0.00951292296715
0.00934698622706
0.0102884316957
0.0118981268489
0.00978459299608
0.0134364376407
0.00991224131376
0.0084121376583
0.0106524456894
0.01852309193
0.00857189345743
0.00832711101356
0.0113750663158
0.0140206334387
0.00978168212988
0.00612448966083
0.0108724489512
0.0170174384666
0.00974962525229
0.0073223531497
0.010139848069
0.00876681770998
0.0135028910643
0.0106763945215
0.0087011757763
0.00835521314284
0.00704180804781
0.0114007820857
0.00921110151991
0.00999215240237
0.0101098617019
0.0114679211105
0.00965762785465
0.0149754072899
0.0108051887242
0.0107414191916
0.00817423107386
0.0150890778409
0.00751279902603
0.0248161651106
0.0146010909512
0.00876921924568
0.00910842539899
0.00702962133041
0.0105216262898
0.00803822125321
0.0148420346043
0.0080551493714
0.00875515597399
0.00919006460744
0.00898108168096
0.0108968641481
0.0109569460985
0.0127556017056
0.00855966073445
0.0121153861123
0.0130806007994
0.00938231077679
0.0104628222945
0.0100602294465
0.011028264719
0.0121177610416
0.00997245360809
0.0138440935783
0.00737005490979
0.0111180161011
0.0149127346283
0.00889279986781
0.00923192385758
0.009530941739
0.0070251160298
0.010030772628
0.0148101685085
0.00817551964567
0.0115986080966
0.0073249967733
0.00950682041723
0.00679383276672
0.0101265240181
0.0110704208735
0.0113570634276
0.0111931814778
0.0143900362898
0.00926988480667
0.012362357228
0.0146102306661
0.0116978183305
0.0137103583578
0.0120127097389
0.00741341269472
0.00972863195755
0.0131724893335
0.0135242322335
0.0139269320467
0.0122177537765
0.00837240175053
0.0795878401998
0.0108646688767
0.0118173663876
0.0115783029221
0.00862436091004
0.0131556406799
0.00788099102687
0.00910549860249
0.0111580179652
0.00859864767249
0.00656459795638
0.0130444682052
0.0105421390368
0.0166088884751
0.0139729809453
0.00893591412628
0.0110372780936
0.00814522401036
0.0120449720364
0.0136345033438
0.0111234028065
0.0484899198862
0.0100518872755
0.014903297012
0.00894327973155
0.00990786593128
0.00704139292162
0.0079743593331
0.0116106641168
0.00784518044612
0.0137010158984
0.0111737163549
0.00883006854893
0.00738666032829
0.00886850833136
0.00790451012643
0.0103156422483
0.0138629691845
0.0106219705891
0.0122268587199
0.0167100603417
0.00912558317747
0.00957522598074
0.0125910613217
0.0120908104942
0.0142739465311
0.0106432337596
0.00960145476732
0.0161774250793
0.00847274622907
0.010610699272
0.00861034296104
0.00899824297812
0.0134008231277
0.00798451958647
0.00886091501928
0.00989955171016
0.00765261887345
0.0212693146778
0.0173824794223
0.00887780072616
0.0510412139171
0.00887544518502
0.0756812201
0.0140014221063
0.0100521337063
0.00752722960258
0.0088368715163
0.0108256511413
0.0117106542421
0.0130867107458
0.00869036320332
0.0151143713733
0.00867546036793
0.0127290285332
0.00770704020007
0.00727452471269
0.01269301307
0.0125592915669
0.0109634298875
0.00794374380538
0.00781161184704
0.00846595371703
0.0107730811303
0.00970860088679
0.00963351508687
0.00841145379983
0.00698894608523
0.00660873072777
0.0099974558028
0.0128713206868
0.00849052020628
0.0127102914384
0.00861029737233
0.0126653135393
0.00834270850077
0.0112356922081
0.0151485116513
0.0107718965998
0.0112919219772
0.0093450951202
0.0146759108898
0.013478526852
0.0165237024869
0.0106211389138
0.0101311404755
0.00764632357447
0.0102057397731
0.00867716979947
0.00817439325754
0.0118353433465
0.0102615592655
0.00761954490505
0.00754213993366
0.0107046362565
0.0118451774819
0.0100590628554
0.00666653927412
0.00952581744693
0.00739827684029
0.00815373583089
0.015436838158
0.0128718399445
0.00794745007779
0.0106573252354
0.00940800096986
0.00974003119685
0.00837602272124
0.0107809474364
0.0135377097489
0.0125272557641
0.0113357849439
0.00786022502512
0.00838826943012
0.00986218688105
0.0103260318628
0.00988272720097
0.013293776629
0.0114917808406
0.0078184350424
0.0101359434659
0.00953146687096
0.0087996893115
0.0131910947243
0.00701441541684
0.00840179154764
0.0134116625305
0.0110365628617
0.00739467589974
0.0127800255403
0.00830501089999
0.0114881191225
0.00901500881672
0.011813901278
0.00709034482322
0.0161587928408
0.0090782862938
0.00978305751707
0.0078251981167
0.0131081458229
0.00834433782214
0.00813437726914
0.0127320356889
0.0105649377633
0.0112306408554
0.0116947913242
0.0121707600292
0.0180654581645
0.00910940805468
0.011834446272
0.0076463352559
0.00837641529109
0.00974959433321
0.0100930698083
0.00914076291741
0.00788540809491
0.00775298539374
0.0108069813037
0.0101810656144
0.0135355647633
0.00868852089036
0.0117995730599
0.0103083774335
0.00808216274246
0.00628585742591
0.0158737965132
0.0393213732789
0.0118837041318
0.00928540185482
0.00930803231838
0.00918845044057
0.0103734189317
