0.2161369
0.232750266667
0.203164866667
0.209386233333
0.198609933333
0.203857433333
0.205684766667
0.210968533333
0.198306033333
0.201317233333
0.200162533333
0.198272366667
0.201386266667
0.201236533333
0.224545833333
0.2118037
0.203430266667
0.192827
0.1917674
0.1891384
0.203586
0.197587033333
0.207161833333
0.186498766667
0.186739866667
0.189286466667
0.188207133333
0.191166566667
0.186681533333
0.189877366667
0.186845
0.187255033333
0.2038206
0.213969166667
0.1943372
0.192955066667
0.1895557
0.190959
0.182835633333
0.1857988
0.184444933333
0.184129866667
0.1814876
0.1890025
0.182055233333
0.182048333333
0.180634666667
0.183721666667
0.184791666667
0.185214133333
0.181414
0.186499366667
0.211419466667
0.187606766667
0.188566533333
0.188177633333
0.186090733333
0.180157466667
0.180980966667
0.185429333333
0.183369433333
0.185757033333
0.180295933333
0.1812234
0.186073733333
0.193895666667
0.180496333333
0.198554266667
0.1937293
0.1806354
0.185954633333
0.181246333333
0.1904674
0.186154066667
0.186029433333
0.181735766667
0.1876089
0.1802439
0.190168166667
0.178509133333
0.1786205
0.177560266667
0.177491933333
0.179050933333
0.180757433333
0.1779569
0.177918866667
0.177006866667
0.178061866667
0.184326966667
0.180870733333
0.176283
0.1821475
0.183978833333
0.182094633333
0.1794511
0.1819674
0.192902866667
0.181707566667
0.177698666667
0.179506366667
0.175068066667
0.177616966667
0.176992533333
0.176401433333
0.175076033333
0.178048
0.1755025
0.178701033333
0.173461033333
0.175468766667
0.177212066667
0.178361
0.176513033333
0.1780011
0.177885633333
0.179794166667
0.178331133333
0.182931633333
0.178854833333
0.1777798
0.178017033333
0.178677766667
0.1772512
0.175134533333
0.174701933333
0.1747483
0.173941833333
0.174275333333
0.1747865
0.189406533333
0.1745334
0.1733666
0.1767122
0.175742733333
0.173556066667
0.180058066667
0.176496233333
0.176735233333
0.178409266667
0.176907833333
0.179493233333
0.174744533333
0.1741188
0.175580566667
0.1766027
0.177710666667
0.177844833333
0.176556533333
0.173793533333
0.174391966667
0.1728623
0.175450266667
0.1753696
0.1727802
0.176951966667
0.175239366667
0.177319333333
0.1778469
0.1765983
0.177341933333
0.174627666667
0.1744203
0.174883166667
0.178022066667
0.1794104
0.177882833333
0.1755519
0.173274733333
0.1724917
0.173428766667
0.1761586
0.1733974
0.173602866667
0.173067466667
0.173377333333
0.173154933333
0.1725401
0.1721379
0.175999866667
0.172293766667
0.174259366667
0.175366933333
0.172690366667
0.175275233333
0.177906966667
0.172706966667
0.172908566667
0.173793866667
0.172094133333
0.172835166667
0.1740837
0.173422733333
0.173782533333
0.1724091
0.173154833333
0.1718285
0.174032933333
0.1900189
0.176686833333
0.171125733333
0.171707333333
0.174118833333
0.173299166667
0.173142266667
0.172261733333
0.1734017
0.173503666667
0.1741857
0.172472666667
0.172909966667
0.1707484
0.171122766667
0.170915733333
0.1731911
0.174842566667
0.172745033333
0.175150166667
0.173266066667
0.171081133333
0.174746366667
0.177826233333
0.171628566667
0.171621366667
0.171702333333
0.174501333333
0.1720549
0.170184166667
0.172382266667
0.176771366667
0.1712832
0.169173466667
0.171205733333
0.1713798
0.1733152
0.171104433333
0.1705801
0.170255733333
0.171501866667
0.172676633333
0.1728273
0.172325966667
0.174135633333
0.172038933333
0.171130566667
0.173090966667
0.171357033333
0.1713565
0.170055866667
0.1735349
0.169398166667
0.176166933333
0.175576633333
0.171735566667
0.171165866667
0.168315466667
0.172797533333
0.169208133333
0.174111066667
0.170035933333
0.170035266667
0.169403333333
0.1692982
0.170528733333
0.170485166667
0.172236833333
0.169866666667
0.1723895
0.173068833333
0.170446566667
0.171875033333
0.169805866667
0.170388566667
0.171972933333
0.168916366667
0.173318833333
0.1681566
0.1700949
0.1718502
0.171704333333
0.170430233333
0.173660966667
0.168291366667
0.171021133333
0.176189533333
0.1690467
0.171495433333
0.168232266667
0.170187766667
0.169247733333
0.1706949
0.172328133333
0.169968366667
0.171979933333
0.174620666667
0.171196733333
0.170645966667
0.1728825
0.1719238
0.170886366667
0.173083166667
0.169354533333
0.168253366667
0.1749596
0.1703686
0.170486966667
0.1709053
0.168427833333
0.186758933333
0.170644
0.169317833333
0.1692701
0.1699416
0.171303366667
0.168793366667
0.169974
0.168481433333
0.169283733333
0.166675933333
0.1709211
0.169898166667
0.174224566667
0.174022366667
0.168687166667
0.170404533333
0.170406766667
0.1708359
0.170822966667
0.170233066667
0.1776196
0.168585
0.1736552
0.1680621
0.169754233333
0.1680827
0.1675026
0.172000966667
0.169028366667
0.171324533333
0.169765433333
0.168862766667
0.167490833333
0.1692531
0.167946833333
0.169046733333
0.1708743
0.168901066667
0.171251666667
0.170867666667
0.170479933333
0.169973533333
0.170477833333
0.169758833333
0.1713804
0.167228733333
0.171668533333
0.172003266667
0.167714266667
0.1690076
0.1673816
0.1677622
0.170646366667
0.1662342
0.167149233333
0.168203933333
0.168193333333
0.171466266667
0.170151
0.168037
0.178815733333
0.167477033333
0.1835478
0.171165
0.167999866667
0.1692181
0.168640066667
0.168725366667
0.169625766667
0.1718883
0.168275166667
0.1701337
0.166230066667
0.169344
0.168092433333
0.166532266667
0.169612733333
0.168958933333
0.168536366667
0.167956433333
0.166495466667
0.167158166667
0.1691696
0.169027433333
0.170307066667
0.1676068
0.166014133333
0.165812966667
0.168771733333
0.171384333333
0.1686984
0.1688235
0.1663536
0.168584466667
0.166092933333
0.167693733333
0.171140533333
0.1691049
0.172949166667
0.167963166667
0.168497766667
0.166544033333
0.1711467
0.1705528
0.167949
0.165080166667
0.167065133333
0.167625933333
0.166219066667
0.168547266667
0.1671312
0.1660692
0.166922766667
0.1681305
0.167766566667
0.166065733333
0.1654882
0.167128966667
0.168295166667
0.166566
0.1696125
0.1698079
0.167855166667
0.1679914
0.166390133333
0.167338533333
0.1673958
0.1696732
0.169138433333
0.166634766667
0.1679308
0.166656766667
0.166991966667
0.1682047
0.167866033333
0.166511266667
0.170619733333
0.167656666667
0.166011233333
0.1667033
0.167466566667
0.166201433333
0.1675298
0.1644266
0.1658917
0.170400966667
0.167599
0.165042266667
0.1684437
0.164772133333
0.1682544
0.166045366667
0.167954166667
0.166548766667
0.170005166667
0.167743366667
0.168475866667
0.166759633333
0.167507533333
0.1663579
0.1658829
0.169405133333
0.1684607
0.168852666667
0.170551133333
0.168161666667
0.1703078
0.1660644
0.166577366667
0.168917566667
0.166293266667
0.166673266667
0.166550666667
0.165960566667
0.1645289
0.166577133333
0.166377033333
0.166563566667
0.168311933333
0.166649933333
0.166767266667
0.165437233333
0.165451733333
0.165551233333
0.1708123
0.173474166667
0.1683848
0.167442166667
0.1672014
0.166353966667
0.166118
