[0.187335, 0.093302, 0.213025, 88.70829100000003, 0.018436, 0.050251, 0.055391, 0.131566]
[0.100662, 0.100924, 0.24525, 89.47378499999992, 0.017653, 0.050451, 0.054672, 0.135451]
[0.101817, 0.096121, 0.287784, 93.42724700000004, 0.017123, 0.050606, 0.051773, 0.145112]
[0.100662, 0.402448, 0.201823, 87.67291299999991, 0.017877, 0.051046, 0.050719, 0.14349]
[0.109624, 0.094501, 0.631803, 87.24160900000015, 0.018855, 0.057452, 0.053228, 0.135853]
[0.103434, 0.096265, 0.216444, 83.79300999999995, 0.019718, 0.050725, 0.053065, 0.125614]
[0.11295, 0.095959, 0.208109, 83.47316799999992, 0.018654, 0.056016, 0.061936, 0.139933]
[0.127247, 0.093068, 0.184445, 88.95765800000007, 0.018196, 0.060585, 0.052474, 0.140984]
[0.105168, 0.093068, 0.684066, 91.42315999999992, 0.042035, 0.055151, 0.057479, 0.153041]
[0.100732, 0.13771, 0.19945, 85.63103799999996, 0.017596, 0.051603, 0.054773, 0.129341]
[0.376413, 0.133091, 0.222038, 85.16551600000012, 0.019615, 0.053307, 0.052806, 0.127482]
[0.102551, 0.093268, 0.258163, 89.36590799999999, 0.020799, 0.052891, 0.053657, 0.172044]
[0.096988, 0.541328, 0.255561, 86.56478499999999, 0.019599, 0.055418, 0.05666, 0.134511]
[0.389355, 0.117096, 0.217952, 87.59361100000004, 0.018407, 0.050551, 0.057628, 0.131511]
[0.389485, 0.121705, 0.2197, 86.39862999999998, 0.017666, 0.052405, 0.056214, 0.129378]
[0.112911, 0.092847, 0.254441, 82.66489399999993, 0.018632, 0.053852, 0.053873, 0.12816]
[0.104101, 0.683923, 0.215592, 92.24657200000001, 0.017836, 0.053778, 0.053576, 0.138182]
[0.105958, 0.098952, 0.21268, 83.544033, 0.019787, 0.054563, 0.058708, 0.137337]
[0.105638, 0.095413, 0.256333, 85.28026200000006, 0.018992, 0.053685, 0.053065, 0.132359]
[0.104006, 0.146721, 0.238417, 84.91227799999993, 0.020876, 0.053585, 0.050085, 0.126195]
[0.102829, 0.401801, 0.223774, 91.51151199999993, 0.024428, 0.055002, 0.053918, 0.151327]
[0.100062, 0.393987, 0.489882, 88.14981899999998, 0.018267, 0.061971, 0.052588, 0.135868]
[0.33649, 0.120857, 0.217127, 90.64758400000004, 0.018812, 0.054016, 0.062123, 0.14289]
[0.104901, 0.101564, 0.212908, 84.07302200000001, 0.022695, 0.053767, 0.051644, 0.128805]
[0.393239, 0.131853, 0.172635, 84.96192800000004, 0.018669, 0.051622, 0.056873, 0.130453]
[0.097643, 0.092365, 0.845305, 93.44679599999998, 0.016456, 0.049287, 0.052486, 0.159739]
[0.095724, 0.380358, 0.705354, 91.91499200000013, 0.018239, 0.052413, 0.053552, 0.142837]
[0.105903, 0.092231, 0.208122, 85.737216, 0.018993, 0.054486, 0.063662, 0.130275]
[0.106516, 0.091957, 0.355633, 87.09001800000006, 0.018533, 0.052662, 0.051679, 0.127906]
[0.104644, 0.092764, 0.23288, 84.10435900000004, 0.01839, 0.053695, 0.05472, 0.12956]
