[0.17741658200000007, 0.0299828013406899, [(67, 0.694916), (33, 0.446557), (0, 0.297709), (7, 0.28618), (145, 0.255691), (18, 0.227764), (59, 0.224623), (36, 0.224435), (294, 0.22309), (17, 0.22206)]]
[0.17894756999999983, 0.025340415482250876, [(371, 0.585819), (369, 0.447397), (2, 0.258188), (367, 0.248752), (409, 0.233264), (234, 0.228815), (16, 0.226169), (36, 0.224186), (34, 0.222747), (35, 0.221607)]]
[0.18685449400000007, 0.030325027944092055, [(52, 0.701943), (20, 0.480548), (251, 0.295865), (6, 0.249033), (221, 0.24148), (14, 0.24017), (10, 0.237524), (15, 0.237508), (198, 0.23419), (258, 0.233683)]]
[0.17534582599999982, 0.013833994868862852, [(21, 0.348262), (199, 0.235358), (52, 0.234043), (185, 0.231134), (33, 0.224791), (14, 0.223267), (81, 0.214562), (56, 0.213969), (166, 0.21119), (6, 0.210342)]]
[0.1744832180000003, 0.011799244848992496, [(229, 0.247269), (90, 0.235566), (1, 0.231671), (15, 0.231199), (93, 0.228989), (182, 0.219524), (33, 0.218907), (327, 0.218268), (16, 0.217922), (5, 0.21464)]]
[0.16758601999999992, 0.017643524896448565, [(22, 0.443832), (100, 0.236292), (55, 0.226086), (146, 0.225024), (76, 0.224781), (15, 0.221389), (3, 0.219528), (284, 0.211269), (1, 0.208398), (121, 0.206817)]]
[0.16694633599999983, 0.013630819825348153, [(366, 0.2765), (43, 0.257201), (249, 0.229678), (430, 0.222555), (15, 0.218079), (3, 0.214839), (306, 0.214344), (83, 0.210829), (53, 0.210313), (1, 0.209369)]]
[0.17791531600000013, 0.011135472533491514, [(1, 0.24114), (13, 0.237865), (11, 0.231768), (6, 0.228036), (2, 0.226186), (48, 0.222599), (52, 0.217402), (37, 0.215635), (3, 0.213631), (121, 0.21271)]]
[0.18284631999999984, 0.01852559845590959, [(7, 0.493395), (33, 0.253942), (27, 0.244136), (52, 0.243234), (15, 0.227142), (167, 0.22562), (41, 0.223313), (321, 0.22012), (113, 0.219289), (14, 0.218777)]]
[0.17126207599999993, 0.01657263385808738, [(22, 0.431082), (118, 0.239837), (155, 0.235677), (14, 0.235676), (352, 0.215351), (64, 0.213173), (72, 0.208843), (188, 0.207596), (51, 0.205812), (411, 0.204916)]]
[0.17033103200000024, 0.02648854293000987, [(308, 0.611971), (329, 0.43536), (304, 0.228288), (14, 0.223124), (15, 0.219535), (294, 0.217229), (117, 0.216507), (19, 0.215408), (61, 0.213322), (11, 0.213287)]]
[0.178731816, 0.012583954205024117, [(35, 0.279133), (475, 0.243749), (52, 0.23562), (15, 0.23443), (157, 0.22996), (313, 0.226599), (3, 0.225928), (1, 0.224028), (5, 0.219424), (63, 0.217743)]]
[0.17312956999999998, 0.01740072605292952, [(32, 0.459535), (275, 0.239561), (34, 0.228594), (351, 0.218133), (326, 0.213714), (16, 0.213208), (18, 0.210813), (376, 0.209848), (277, 0.209578), (1, 0.208164)]]
[0.1751872220000001, 0.013578117145934347, [(164, 0.297494), (32, 0.239968), (64, 0.231126), (90, 0.226959), (5, 0.226857), (356, 0.22299), (51, 0.221213), (42, 0.218816), (6, 0.218028), (16, 0.21489)]]
[0.17279725999999995, 0.025542119086802494, [(198, 0.603731), (16, 0.327614), (139, 0.291319), (14, 0.247243), (136, 0.240644), (6, 0.225897), (160, 0.225315), (157, 0.223735), (245, 0.223611), (32, 0.220811)]]
[0.16532978799999987, 0.011874635130523208, [(8, 0.256007), (15, 0.229223), (1, 0.216426), (9, 0.209514), (52, 0.206864), (400, 0.206251), (3, 0.204081), (60, 0.200606), (34, 0.198074), (114, 0.197086)]]
[0.18449314400000003, 0.02443500766791909, [(130, 0.619044), (33, 0.289838), (9, 0.269807), (348, 0.247554), (8, 0.240587), (14, 0.2391), (221, 0.232952), (410, 0.229841), (6, 0.226328), (55, 0.225934)]]
[0.167088066, 0.011260791775254709, [(297, 0.230396), (35, 0.222066), (4, 0.2101), (15, 0.20743), (1, 0.207161), (78, 0.204489), (16, 0.203802), (59, 0.201304), (5, 0.201273), (339, 0.200804)]]
[0.17056052400000013, 0.020238903515196267, [(78, 0.53611), (73, 0.235094), (1, 0.223695), (15, 0.221977), (34, 0.212825), (331, 0.212492), (74, 0.211316), (116, 0.209932), (4, 0.209383), (278, 0.206284)]]
[0.16982455599999985, 0.01529434070324262, [(494, 0.380628), (14, 0.228211), (4, 0.220587), (5, 0.214256), (34, 0.212834), (429, 0.212349), (308, 0.211272), (11, 0.207533), (96, 0.20753), (1, 0.206099)]]
[0.18302302399999984, 0.012882903795473436, [(0, 0.262116), (13, 0.256985), (33, 0.245203), (9, 0.238677), (14, 0.233071), (89, 0.222448), (331, 0.219478), (1, 0.219333), (467, 0.217476), (402, 0.217428)]]
[0.17629963799999995, 0.023211006890330194, [(68, 0.603311), (49, 0.254165), (437, 0.230672), (18, 0.228109), (13, 0.225473), (3, 0.223994), (15, 0.221258), (1, 0.220377), (137, 0.220364), (22, 0.21807)]]
[0.18129516800000006, 0.027773929003433704, [(97, 0.654579), (70, 0.441423), (3, 0.258552), (37, 0.247158), (14, 0.24614), (29, 0.237434), (305, 0.232335), (165, 0.230208), (51, 0.228629), (284, 0.221557)]]
[0.16814604400000002, 0.012849362954717404, [(61, 0.270501), (15, 0.246088), (5, 0.240344), (3, 0.212362), (42, 0.211423), (9, 0.211113), (54, 0.208115), (1, 0.206031), (26, 0.204464), (31, 0.203989)]]
[0.1699238560000001, 0.02471129770690451, [(65, 0.605129), (13, 0.278748), (6, 0.230534), (2, 0.23016), (72, 0.226946), (46, 0.22667), (27, 0.224007), (353, 0.218586), (43, 0.216905), (33, 0.215947)]]
[0.18689359199999994, 0.01895849510128733, [(12, 0.4658), (158, 0.273241), (33, 0.27214), (2, 0.252212), (205, 0.245467), (15, 0.242295), (72, 0.235297), (181, 0.233483), (147, 0.232172), (136, 0.229685)]]
[0.18382998400000025, 0.014888313354700186, [(20, 0.389257), (14, 0.256258), (166, 0.249002), (89, 0.233818), (299, 0.233571), (3, 0.227369), (356, 0.223095), (33, 0.221916), (1, 0.221218), (385, 0.221084)]]
[0.171474432, 0.010519622125978473, [(185, 0.235442), (361, 0.214523), (15, 0.211824), (1, 0.211042), (119, 0.209777), (247, 0.209649), (485, 0.209486), (303, 0.208981), (74, 0.206271), (2, 0.205692)]]
[0.17418003600000012, 0.0334430899512994, [(1, 0.719782), (0, 0.614408), (7, 0.244942), (15, 0.235294), (12, 0.222171), (69, 0.215713), (36, 0.211995), (17, 0.211784), (64, 0.211445), (21, 0.209546)]]
[0.1682087180000001, 0.02352593739629677, [(14, 0.603583), (11, 0.262464), (15, 0.235071), (61, 0.229807), (16, 0.222611), (54, 0.222335), (477, 0.215686), (28, 0.212096), (5, 0.21156), (311, 0.211059)]]
