[0.12789874799999995, 0.13741655400000016, 0.1411584259999999, 0.12514101199999997, 0.14205667600000002, 0.139936402, 0.13997258199999996, 0.1250187860000001, 0.12563402799999995, 0.12789566799999988, 0.12692156799999993, 0.125271538, 0.14171589799999998, 0.12839452199999993, 0.14120533399999988, 0.13090779999999994, 0.12612249999999994, 0.12694075400000002, 0.12677593800000006, 0.14096535, 0.13987832600000008, 0.12725119200000004, 0.13271816399999997, 0.13887894400000012, 0.14238583600000004, 0.12685419399999995, 0.14027055000000013, 0.14059458599999997, 0.123815894, 0.127465614]
[0.1984580333333333, 0.2142472666666667, 0.21826423333333325, 0.2083007, 0.22096466666666667, 0.21904420000000002, 0.22097023333333338, 0.19997766666666666, 0.20621196666666675, 0.21017909999999992, 0.19894380000000003, 0.19909143333333335, 0.21515050000000002, 0.20848679999999992, 0.21777586666666668, 0.19871989999999998, 0.19816120000000004, 0.2096641, 0.20044433333333334, 0.21670296666666664, 0.2165062, 0.2081497666666666, 0.20683623333333329, 0.22320686666666667, 0.2236198, 0.21150866666666665, 0.21620766666666666, 0.22112779999999999, 0.18760643333333332, 0.21307679999999998]
[0.12339496382978722, 0.13251246595744698, 0.13623677872340434, 0.1198329468085106, 0.13701999574468082, 0.13488696808510642, 0.13480251914893615, 0.12023417659574476, 0.12049075531914893, 0.1226435340425531, 0.12232440425531906, 0.12055962978723397, 0.13702858297872336, 0.12328224893617018, 0.1363178531914893, 0.1265793680851063, 0.12152428510638293, 0.12166054042553194, 0.12207370000000001, 0.13613103404255308, 0.13498718510638297, 0.12208745319148935, 0.12798722340425528, 0.13349631063829787, 0.1372006893617021, 0.12145071702127651, 0.13542350000000003, 0.13545416808510638, 0.11974415744680852, 0.12200107021276597]
[0.03757526529030093, 0.04269397869282138, 0.04067860491812036, 0.03832309966252542, 0.04789804087011313, 0.03902520611256776, 0.03772978780935926, 0.03863562457680999, 0.04657340786830204, 0.04333104492529318, 0.03872995243701413, 0.04025016339500445, 0.04141116067935787, 0.04327312453985171, 0.042217240101153505, 0.03854111938037085, 0.037431871159561314, 0.043316088622791, 0.03912809816060773, 0.043128929226952786, 0.03791414839496892, 0.04487988990506923, 0.04059978360116102, 0.041587452877675325, 0.04238461542570728, 0.04362694302259057, 0.04020018002884439, 0.04377291759947699, 0.035400206545142684, 0.04313182591021395]
[0.1070863195073592, 0.12574687321306333, 0.11013451598709749, 0.11539381227695875, 0.12281806013648355, 0.12642605334856155, 0.11883593900098388, 0.112864402211779, 0.1497916779358327, 0.12788886321812126, 0.10693469457209231, 0.11922158671165871, 0.11489843768498334, 0.11415030239218235, 0.12159489532781473, 0.11447965487525139, 0.10339851423768137, 0.12926782116297672, 0.10276698107931143, 0.1268909011215234, 0.12163434581137023, 0.14011881112391328, 0.12209378056387185, 0.13392522871207735, 0.12237906340285497, 0.11864854004252316, 0.11309806677314262, 0.12604445315004278, 0.10256417548107248, 0.1188834625253936]
[0.020784302069180652, 0.02299987673329388, 0.024133595695230006, 0.015584328183232746, 0.032481278517376526, 0.013228929294294743, 0.012942389370585557, 0.019833351555072872, 0.020843775618536006, 0.02221946067823925, 0.022663342972748034, 0.02112314143794959, 0.024809359439030843, 0.026921719062191447, 0.0235412548397837, 0.0207713576937356, 0.02134868550578927, 0.021558343001928316, 0.024209603196617233, 0.023697717822315206, 0.0136440336717537, 0.021099272309851255, 0.020712848572577266, 0.014566499522888552, 0.022518255002904743, 0.025290505746159347, 0.022609382126721818, 0.024163927946764557, 0.019631491937773617, 0.024068423563306542]
0.13291544613333336
0.21025350666666665
0.1279789741843971
0.04111299239132429
0.11966600778626592
0.021466681769594428
