0.6954408
0.286429233333
0.4505652
0.279968366667
0.224357433333
0.2132888
0.1788877
0.213746966667
0.182323666667
0.1997294
0.176755533333
0.197725633333
0.172232633333
0.213915133333
0.1754586
0.183671766667
0.1679297
0.1705425
0.1592398
0.165480533333
0.164846266667
0.163672433333
0.1582865
0.1651273
0.158028566667
0.157376633333
0.165804533333
0.156807233333
0.155857466667
0.154108866667
0.160815033333
0.1632293
0.149840333333
0.1868502
0.1760503
0.159790666667
0.155706
0.148286533333
0.151632933333
0.154912033333
0.149039766667
0.154368366667
0.1491952
0.1472025
0.1495134
0.1435016
0.1498085
0.1464549
0.1449687
0.148017133333
0.150607766667
0.145468766667
0.153679933333
0.1499554
0.164895633333
0.1533867
0.148279666667
0.144275
0.144920633333
0.1449971
0.143016766667
0.1495456
0.146592466667
0.145644
0.141110566667
0.138387
0.145715866667
0.135819133333
0.1411843
0.141225333333
0.1408823
0.148484
0.150239466667
0.151799166667
0.144259166667
0.1411266
0.1482314
0.142590033333
0.146327966667
0.1386247
0.145453833333
0.148876833333
0.149603466667
0.151633466667
0.149783766667
0.141646533333
0.1416738
0.1433361
0.139015366667
0.143215466667
0.143007466667
0.1365216
0.142502433333
0.1384204
0.140718666667
0.1398609
0.140210833333
0.1353313
0.140915366667
0.139417166667
0.141891633333
0.139572433333
0.137442033333
0.140297266667
0.153830033333
0.1390917
0.142375433333
0.134253866667
0.150952266667
0.142374366667
0.140978633333
0.138818666667
0.1428057
0.147356466667
0.144009366667
0.146493533333
0.134309766667
0.135332833333
0.133112666667
0.135473166667
0.151505733333
0.132029033333
0.144849566667
0.150148233333
0.151194666667
0.131526566667
0.1326461
0.133058666667
0.147185733333
0.132137933333
0.135018866667
0.130412166667
0.1333696
0.134957466667
0.1350307
0.131974333333
0.131933866667
0.1321396
0.1327367
0.1356627
0.141019033333
0.137241233333
0.132164033333
0.1401906
0.140743166667
0.1343492
0.1351279
0.1359217
0.135673
0.146042033333
0.139464966667
0.137553833333
0.1382339
0.1445921
0.148167933333
0.1453308
0.1317466
0.138575033333
0.1306747
0.1318095
0.14094
0.1489926
0.129965133333
0.129752233333
0.135131866667
0.131900833333
0.144154566667
0.129033
0.1328299
0.131956866667
0.130414566667
0.134557533333
0.1328005
0.138284466667
0.1367028
0.128914266667
0.1309027
0.129285333333
0.126648233333
0.1300311
0.131476266667
0.129085266667
0.129667766667
0.129931233333
0.1363259
0.128962166667
0.1294883
0.132106833333
0.1324326
0.130817066667
0.1347149
0.1267134
0.130472366667
0.129566133333
0.1303986
0.1268151
0.123720666667
0.125103466667
0.124790833333
0.127476266667
0.1247853
0.128700033333
0.128446166667
0.1276902
0.127875
0.1245801
0.1226907
0.125634933333
0.125727866667
0.126258266667
0.135557866667
0.127474
0.138273166667
0.1246258
0.126380833333
0.1301686
0.126555
0.1267371
0.127671866667
0.126372366667
0.1260447
0.123021833333
0.125143866667
0.125361933333
0.125716533333
0.131077166667
0.130000366667
0.127615166667
0.126305266667
0.127834966667
0.127675266667
0.1323836
0.124662533333
0.124239033333
0.128803533333
0.1248871
0.124708266667
0.1321018
0.126005933333
0.123482666667
0.125119333333
0.123235366667
0.1268831
0.124567466667
0.128986166667
0.124682633333
0.122821433333
0.1267789
0.128216633333
0.1255522
0.123033866667
0.1226564
0.125663866667
0.120473733333
0.129034033333
0.1223627
0.122672266667
0.121165833333
0.123731133333
0.120348066667
0.124022033333
0.121690933333
0.124199566667
0.123703
0.1233358
0.121739766667
0.123608666667
0.1231424
0.126772033333
0.123535533333
0.1215334
0.124123166667
0.125442066667
0.121961033333
0.1220778
0.121278733333
0.123959533333
0.1243748
0.1244795
0.123006933333
0.1253996
0.124358133333
0.121764266667
0.122580333333
0.122808466667
0.120983233333
0.1233293
0.1255485
0.1233036
0.124483166667
0.1213271
0.121736433333
0.126555233333
0.124616633333
0.1228449
0.122201833333
0.1219275
0.123844833333
0.122891333333
0.120242766667
0.122703066667
0.1204554
0.122241833333
0.1202755
0.1212984
0.1211029
0.1210979
0.119559866667
0.117624466667
0.1188854
0.1158924
0.122531266667
0.120316333333
0.1226864
0.122134266667
0.121268833333
0.1205849
0.119341466667
0.119158
0.123133033333
0.120027533333
0.119116033333
0.118677466667
0.1173433
0.119977733333
0.121705733333
0.120377866667
0.125052433333
0.124802933333
0.121815433333
0.120185866667
0.118659533333
0.118652233333
0.119136366667
0.123183266667
0.121217033333
0.123376533333
0.1251803
0.120716733333
0.1228802
0.1380388
0.131540633333
0.125091133333
0.124973433333
0.119616
0.118880033333
0.1198357
0.121924
0.124211133333
0.119035466667
0.117573966667
0.118602266667
0.120803066667
0.1199397
0.1213507
0.119583733333
0.1232758
0.119797333333
0.121242966667
0.1195996
0.116982966667
0.1227381
0.123687566667
0.120430666667
0.118420066667
0.119992366667
0.117547666667
0.118432933333
0.120311333333
0.118360666667
0.1195743
0.117882733333
0.117975133333
0.118728566667
0.119320966667
0.118758933333
0.118407533333
0.117555433333
0.1216832
0.120118066667
0.117706633333
0.117126833333
0.117302666667
0.122006633333
0.1220363
0.116078166667
0.1214666
0.1191564
0.118666166667
0.120231133333
0.1195285
0.121716766667
0.119587266667
0.119195333333
0.119565966667
0.118415733333
0.118132066667
0.118420466667
0.119025533333
0.118470466667
0.116003666667
0.118264633333
0.119500633333
0.117027633333
0.117459733333
0.114658166667
0.117821633333
0.117011066667
0.1147971
0.117833666667
0.118003333333
0.118959666667
0.1185478
0.118828033333
0.118378566667
0.116135633333
0.1165472
0.115786266667
0.117164233333
0.115945533333
0.1185173
0.117678966667
0.116132266667
0.120745233333
0.1163404
0.115782733333
0.118807133333
0.1167494
0.119156066667
0.119380566667
0.1154635
0.1173513
0.116915333333
0.1192785
0.1153548
0.1169525
0.1149426
0.118082833333
0.117474566667
0.116502133333
0.115280133333
0.113828466667
0.113769166667
0.116980766667
0.117431733333
0.116544966667
0.114624466667
0.1175946
0.114023366667
0.116885233333
0.115403966667
0.1169226
0.1168217
0.1172378
0.117555933333
0.115372166667
0.116297766667
0.118115933333
0.1127505
0.116433233333
0.116256366667
0.116990933333
0.1174277
0.116909233333
0.118601966667
0.1155476
0.115099433333
0.1180092
0.113511533333
0.116118133333
0.115985466667
0.117046866667
0.1178049
0.1176394
0.112972933333
0.1187212
0.1160637
0.121616366667
0.1143973
0.1177862
0.113755
0.117122733333
0.1153439
0.116128766667
0.1173809
0.1156057
0.117162966667
0.117062766667
0.118070633333
0.119217833333
0.119691533333
0.1172806
0.118061466667
0.115734133333
0.117015466667
0.115059966667
0.116675033333
0.1165791
0.117176133333
0.115522233333
