[[1, 0.758249], [2, 0.267835], [213, 0.408097]]
[[1, 0.657902], [2, 0.317887], [3, 0.505514], [4, 0.554624], [155, 0.471752]]
[[1, 0.677482], [2, 0.326292], [4, 0.29856], [8, 0.507932], [121, 0.501348], [232, 0.302701]]
[[1, 0.629825], [2, 0.261933], [3, 0.429243], [6, 0.285045], [8, 0.242952], [16, 0.525511]]
[[1, 0.703164], [3, 0.478377], [4, 0.509911], [105, 0.746289]]
[[1, 0.74076], [3, 0.276687], [4, 0.465461], [5, 0.504286]]
[[1, 0.694549], [2, 0.266468], [3, 0.459203], [4, 0.517891]]
[[1, 0.706798], [2, 0.250347], [9, 0.48134], [185, 0.387603]]
[[1, 0.681323], [3, 0.815479], [158, 0.378449]]
[[1, 0.746493], [3, 0.425989], [12, 0.515837], [175, 0.390333]]
[[1, 0.687995], [2, 0.246373], [3, 0.448203], [161, 0.42331]]
[[1, 0.753006], [2, 0.258451], [3, 0.46125], [162, 0.383648]]
[[1, 0.681226], [2, 0.290666], [3, 0.571875], [109, 0.557627]]
[[1, 0.682881], [2, 0.272215], [3, 0.548861], [4, 0.266093], [167, 0.555069]]
[[1, 0.785103], [2, 0.268219], [4, 0.472374], [124, 0.521416]]
[[1, 0.691245], [2, 0.353373], [3, 0.538768], [5, 0.602682], [18, 0.303919]]
[[1, 0.731842], [2, 0.295401], [3, 0.432084], [162, 0.408372]]
[[1, 0.643404], [2, 0.259005], [3, 0.446183], [5, 0.269511], [14, 0.239578], [16, 0.245928], [150, 0.401417]]
[[1, 0.676546], [2, 0.634785], [3, 0.413997], [174, 0.410563]]
[[1, 0.65143], [3, 0.447393], [4, 0.290465], [14, 0.266901], [55, 0.27376], [154, 0.448526]]
[[1, 0.753024], [3, 0.458253], [5, 0.493385], [129, 0.527281]]
[[1, 0.685981], [2, 0.294693], [3, 0.463694], [4, 0.255895], [5, 0.528193]]
[[1, 0.643351], [2, 0.322786], [3, 0.773772], [144, 0.362293]]
[[1, 0.768252], [3, 0.481897], [14, 0.279253], [145, 0.378488]]
[[1, 0.706867], [2, 0.365653], [3, 0.48138], [10, 0.603381]]
[[1, 0.718013], [2, 0.290274], [3, 0.479412], [4, 0.300465], [10, 0.476229], [123, 0.492982]]
[[1, 0.63399], [2, 0.258618], [3, 0.458284], [4, 0.300006], [12, 0.523008], [14, 0.289222], [141, 0.474202]]
[[1, 0.666153], [2, 0.278264], [3, 0.450628], [6, 0.479674], [116, 0.497184]]
[[1, 0.724699], [2, 0.292683], [3, 0.454006], [8, 0.52311], [125, 0.538019]]
[[1, 0.650942], [2, 0.248201], [3, 0.440624], [211, 0.377661]]
[[1, 0.621974], [3, 0.480456], [4, 0.304704], [8, 0.54295], [156, 0.451698]]
