0.0439900588189
0.0706438611236
0.128192804726
0.106313735482
0.0980389270051
0.0551036827132
0.0139200785634
0.105307034277
0.0566372729919
0.0941651505482
0.0244940300451
0.0883053566433
0.0251492901192
0.0338360624283
0.0229305016628
0.066721995638
0.0195512733603
0.0208800634733
0.0184987549877
0.0198615238367
0.0200039648019
0.0217613341038
0.0196519042042
0.0281513650979
0.0225447227405
0.0172360457907
0.0227523647295
0.0167604046584
0.0140288259588
0.0145691776952
0.0197240591351
0.0233613389002
0.0181017330889
0.0335583505707
0.0221979794969
0.0196752660284
0.0172347510919
0.0118800122299
0.0222274083658
0.0156518714972
0.0175523282837
0.0196470907778
0.0147713095411
0.0151178807813
0.0218880972077
0.0126954039547
0.0186136485332
0.0207174745716
0.015910326783
0.0168729765122
0.0211659852825
0.0169216727457
0.0219584458723
0.0146138339131
0.0260197469107
0.0201362948647
0.0188519381185
0.0120376165387
0.0181534647703
0.0203314934233
0.0189607490142
0.0242076719583
0.0152494544815
0.0134285049006
0.0240583485339
0.0151972121171
0.0213222542456
0.0175946895714
0.0191182953026
0.0131244801506
0.0124602966288
0.0177867860634
0.0216208650409
0.0187196737473
0.0154400657945
0.0129528908861
0.0182507984859
0.0139880097524
0.0224444124442
0.0107866260655
0.0186053503113
0.0225850690119
0.0151336923821
0.0152118307023
0.0177549703101
0.0148111525767
0.0146951476331
0.0170064967671
0.0176148121203
0.0112460261774
0.0168440814823
0.0147937984791
0.0178090813776
0.0158603826427
0.0204084378976
0.0153664309288
0.0172189081769
0.0175408651557
0.0191530216998
0.0157753907423
0.0154361301141
0.012307428902
0.0135440244843
0.0166578136479
0.110956767251
0.0142943593214
0.0217388987021
0.0127077697931
0.0766583541805
0.0225843251371
0.0152487683972
0.0175561906125
0.0151289820348
0.0200546602792
0.0226006783268
0.0661068544624
0.00879190570045
0.016059599962
0.0164740533554
0.0103875132863
0.0660302329396
0.010038099337
0.0655876390304
0.071240642532
0.0750463304683
0.0104853484561
0.0109304144885
0.0102989797887
0.0726132004027
0.0128245440125
0.0166852456494
0.0122151273021
0.0192538774183
0.0191528308886
0.0153832087358
0.0135198408455
0.0077121825693
0.011462392143
0.0162577101384
0.0214227710255
0.0629746388067
0.013477070717
0.00940190794284
0.043430595323
0.0463269545838
0.017111014547
0.0129492199208
0.0122174790393
0.0163363766668
0.0496335463791
0.017881446417
0.0129964818395
0.0124659293526
0.0574496959901
0.0612717379286
0.0578794856349
0.0144530643685
0.0463827075776
0.0129807979882
0.0168192519944
0.0544065955579
0.0674826891904
0.0132738706004
0.0121247311439
0.0143895618227
0.0145773628413
0.0775041921278
0.0111414930687
0.0134895993623
0.010428583607
0.0114403077397
0.0166195716024
0.0133914441062
0.0522898055595
0.0483746651168
0.0119790876278
0.0178811226943
0.0139019885732
0.0119495857465
0.0114839360829
0.0103046929663
0.0117558176036
0.0119923779757
0.0118419273422
0.0482210106533
0.0124393519716
0.0134020700992
0.0160905117944
0.0134616646781
0.0104670190215
0.0167569518118
0.017918785079
0.0143025270715
0.0123263791351
0.0141674413112
0.0167479495847
0.0114228348593
0.0133341626102
0.0108717266708
0.0128932066762
0.0118744540707
0.011346588261
0.0115425090833
0.00787178639785
0.0138931878727
0.0141220435687
0.0125836978538
0.0129953701421
0.0144368656103
0.0107947992939
0.0461795705803
0.00971769924073
0.0518528875744
0.0117150330357
0.0121370405346
0.014247699411
0.0115486383988
0.0173050916175
0.0136925576981
0.0130289830442
0.0139367535224
0.0117900904155
0.0140464894801
0.0137787750639
0.0126576116777
0.0133171951278
0.0135319726389
0.0166049653359
0.0106976271199
0.0116196325027
0.0110567543397
0.0349973362706
0.0107258839223
0.0109314218822
0.0149609765718
0.0116244770244
0.012379293006
0.0175274660222
0.0179720041434
0.0130382151215
0.0106737595917
0.0113812897116
0.01556766245
0.0102824173932
0.0129931499262
0.0100017971535
0.0112723648559
0.0166260527233
0.0120449988224
0.0124356254055
0.01205432183
0.0104251100061
0.012767448575
0.0085149194239
0.0157859441455
0.011382710246
0.0134550784141
0.0144950547569
0.0113392491131
0.0104775685536
0.0120267097121
0.0118584082938
0.0133113693853
0.00976227575927
0.00972820801039
0.0105317629758
0.00977027611801
0.011994281503
0.00898319977693
0.00935240580718
0.0116221495017
0.0110720715077
0.0105404374796
0.00986494306618
0.0120660323537
0.0129322738241
0.0107745805448
0.0146421607158
0.0129564403618
0.0119374162976
0.0117964802677
0.016021751069
0.0126208842979
0.0114069615216
0.0159989035619
0.0139192583535
0.0152676992529
0.0163426403818
0.0134937358766
0.0117585243861
0.0121805437518
0.0128895956044
0.0135072916128
0.011156664751
0.0139970116557
0.0129082226148
0.0126455275908
0.0144739250127
0.0134959983633
0.0123345880506
0.0123346180158
0.0129401799307
0.0125470955366
0.0113455453336
0.0108367791697
0.0123227276292
0.0120836549309
0.0109017517728
0.00993396491415
0.0102610324126
0.0118017143263
0.0160393408841
0.012429229261
0.0146043199057
0.0116673614553
0.0123711253007
0.0148255981315
0.0117189201287
0.0139786921467
0.0145067999331
0.0112501668987
0.0125180675066
0.00976505531554
0.0129181943531
0.0120302928613
0.0107645656761
0.0150611830716
0.0157919009468
0.0133807954994
0.011430648053
0.013127547587
0.0115100746529
0.00886622218566
0.0113069093021
0.0115318981812
0.0148001681623
0.0151963109355
0.0150637463737
0.0130846357864
0.0122647794963
0.0184250072535
0.0123902371231
0.0100798353615
0.0145715971641
0.0138495297056
0.0135802266881
0.0102885051786
0.00975645675779
0.0157397497327
0.0128157933341
0.0114190544281
0.0121482931858
0.0144690419585
0.0108304777154
0.00932113870065
0.0114401214182
0.0129357676139
0.0125937693916
0.0109685033573
0.0103655436474
0.0152867703467
0.0159220632967
0.0119773029677
0.0129901207804
0.0103581847281
0.0111590113854
0.0110750317511
0.0115176003459
0.0105535412803
0.0090189429733
0.0107054037201
0.0128565660084
0.0107655608175
0.0146156940665
0.0115422613945
0.0119382497571
0.0137125625583
0.0115473639118
0.0142369135265
0.0149725617223
0.0124816066473
0.0133030952866
0.0150103353579
0.0123111969916
0.0134779513358
0.00889537859072
0.0113673564432
0.0119494399634
0.013102100066
0.0119399064003
0.0172698471094
0.0136626219096
0.0154310267037
0.0141120323467
0.0122988982853
0.0121338130361
0.0143199698043
0.0136112901488
0.0113093322341
0.00882724232035
0.0111932649462
0.0136596900611
0.00997855768296
0.0118555752299
0.00984717091329
0.00955269928374
0.0127485506849
0.0104254717205
0.0110220219874
0.0138169603274
0.014609047168
0.012560381614
0.0149138110162
0.0120896188897
0.00916984900524
0.0137477391729
0.011794821198
0.012016349451
0.0126541525982
0.0115627600244
0.0114213203794
0.0137266411247
0.0135706298034
0.0150076371173
0.0118080871316
0.0117415784059
0.0125834076989
0.0108438060495
0.013528385772
0.012531305422
0.0097116549937
0.0131469600546
0.0110433741834
0.0135334287667
0.0112648123565
0.011152031025
0.0103218001808
0.0128181715183
0.00877137216815
0.0115404831231
0.00977380388158
0.0108335192212
0.0109019638784
0.0135658802115
0.0118382829412
0.0118485620013
0.0112499803518
0.0135641257897
0.00906048292857
0.0111829385276
0.0105403323239
0.0100369754893
0.0136116261192
0.0133543782768
0.0146200135315
0.01143584426
0.0112422029564
0.0163760381756
0.0110741528006
0.010781840819
0.0134219426872
0.0116803636271
0.00928422346834
0.0110198711961
0.0111382554723
0.0126132655978
0.0103556696731
0.0106834671039
0.0100456486724
0.0145008027312
0.0110232746064
0.0153145580559
0.0134032023073
0.0130413901549
0.00987820794454
0.0159554001859
0.0145268854936
0.0193238512974
0.0133312984018
0.0141521223412
0.0112104081014
0.0132589045825
0.011382981652
0.0129717603398
0.0132617993559
0.0123130350175
0.0108598885215
0.00936576939599
0.0120167568739
0.011746700195
0.00955141699342
0.010200495552
0.0101798069783
0.0114362438669
0.0124287693725
0.0105426321207
0.0130213616684
0.0122207543612
0.0126872638336
0.012118628849
