first at GeneralizedLinearAlgorithm.scala:246	count at DataValidators.scala:40	count at GradientDescent.scala:209	treeAggregate at GradientDescent.scala:239
[8.38874, 26.043869, 0.141472, 63.94937399999997]
[8.399854, 24.636035, 0.331144, 68.70827700000008]
[8.388887, 23.749619, 0.182029, 70.57921299999995]
[11.240461, 26.048249, 0.124546, 62.57050599999999]
[8.314157, 25.315167, 0.13489, 71.028338]
[11.391172, 21.780948, 0.32682, 69.968201]
[11.227649, 22.268544, 0.147747, 69.98629099999998]
[8.461616, 21.276315, 0.231034, 62.50939300000005]
[8.248784, 25.502343, 0.450755, 62.81701399999997]
[8.204389, 25.451951, 0.427696, 63.94783399999994]
[8.389477, 24.65458, 0.363218, 63.46078399999996]
[8.28673, 24.506935, 0.121863, 62.63576899999999]
[8.327707, 23.625624, 0.125368, 70.85794899999999]
[8.34841, 23.872323, 0.14644, 64.19726099999997]
[8.293803, 23.420763, 0.131314, 70.60266699999994]
[8.246783, 25.364528, 0.11122, 65.45389999999996]
[8.419866, 25.812673, 0.136911, 63.06124999999997]
[8.300414, 24.382477, 0.348643, 63.47037700000001]
[8.350986, 26.058392, 0.388617, 63.38796900000003]
[8.265186, 23.096856, 0.15014, 70.482675]
[8.324084, 24.729994, 0.296539, 69.93916300000004]
[8.318049, 23.978719, 0.224274, 63.625596000000016]
[8.314491, 24.918653, 0.12615, 66.35908199999999]
[8.251336, 24.452252, 0.182961, 69.43947200000005]
[8.289455, 23.493815, 0.222905, 71.19291800000002]
[8.343412, 22.045071, 0.379149, 63.427096999999975]
[8.253573, 23.796676, 0.259512, 70.13527500000006]
[8.340903, 22.05513, 0.255655, 70.29729299999998]
[8.423179, 24.312005, 0.131983, 61.907947]
[8.240846, 23.779139, 0.283219, 63.732807]
