[0.12789874799999995, 0.03757526529030093, [(0, 0.758249), (212, 0.408097), (1, 0.267835), (2, 0.230375), (6, 0.21969), (12, 0.203478), (5, 0.200812), (3, 0.197211), (18, 0.19115), (34, 0.190417)]]
[0.13741655400000016, 0.04269397869282138, [(0, 0.657902), (3, 0.554624), (2, 0.505514), (154, 0.471752), (1, 0.317887), (13, 0.230207), (61, 0.218462), (51, 0.209574), (17, 0.208248), (11, 0.2066)]]
[0.1411584259999999, 0.04067860491812036, [(0, 0.677482), (7, 0.507932), (120, 0.501348), (1, 0.326292), (231, 0.302701), (3, 0.29856), (47, 0.236075), (10, 0.234715), (4, 0.230992), (19, 0.230933)]]
[0.12514101199999997, 0.03832309966252542, [(0, 0.629825), (15, 0.525511), (2, 0.429243), (5, 0.285045), (1, 0.261933), (7, 0.242952), (33, 0.206116), (3, 0.20251), (13, 0.197352), (22, 0.188644)]]
[0.14205667600000002, 0.04789804087011313, [(104, 0.746289), (0, 0.703164), (3, 0.509911), (2, 0.478377), (13, 0.282838), (4, 0.266408), (1, 0.259018), (31, 0.235892), (114, 0.228961), (22, 0.218021)]]
[0.139936402, 0.03902520611256776, [(0, 0.74076), (4, 0.504286), (3, 0.465461), (2, 0.276687), (1, 0.253267), (14, 0.222716), (13, 0.217452), (15, 0.197944), (58, 0.195382), (159, 0.192786)]]
[0.13997258199999996, 0.03772978780935926, [(0, 0.694549), (3, 0.517891), (2, 0.459203), (1, 0.266468), (13, 0.240346), (5, 0.220747), (24, 0.208843), (36, 0.201062), (6, 0.198241), (4, 0.19316)]]
[0.1250187860000001, 0.03863562457680999, [(0, 0.706798), (8, 0.48134), (184, 0.387603), (1, 0.250347), (3, 0.239241), (12, 0.227206), (2, 0.221344), (477, 0.196529), (18, 0.190763), (23, 0.183241)]]
[0.12563402799999995, 0.04657340786830204, [(2, 0.815479), (0, 0.681323), (157, 0.378449), (5, 0.257065), (1, 0.255282), (16, 0.233117), (26, 0.209541), (36, 0.204699), (3, 0.191251), (6, 0.189487)]]
[0.12789566799999988, 0.04333104492529318, [(0, 0.746493), (11, 0.515837), (2, 0.425989), (174, 0.390333), (1, 0.256253), (3, 0.222391), (34, 0.204055), (33, 0.203889), (76, 0.20173), (98, 0.200571)]]
[0.12692156799999993, 0.03872995243701413, [(0, 0.687995), (2, 0.448203), (160, 0.42331), (1, 0.246373), (27, 0.2293), (33, 0.216732), (17, 0.214672), (6, 0.214254), (78, 0.201249), (3, 0.198881)]]
[0.125271538, 0.04025016339500445, [(0, 0.753006), (2, 0.46125), (161, 0.383648), (1, 0.258451), (5, 0.245271), (10, 0.21287), (13, 0.209981), (20, 0.206183), (3, 0.204357), (81, 0.200584)]]
[0.14171589799999998, 0.04141116067935787, [(0, 0.681226), (2, 0.571875), (108, 0.557627), (1, 0.290666), (38, 0.250326), (11, 0.23647), (3, 0.233256), (13, 0.225303), (64, 0.224853), (73, 0.217878)]]
[0.12839452199999993, 0.04327312453985171, [(0, 0.682881), (166, 0.555069), (2, 0.548861), (1, 0.272215), (3, 0.266093), (31, 0.225331), (34, 0.219672), (13, 0.210956), (12, 0.208477), (21, 0.200664)]]
[0.14120533399999988, 0.042217240101153505, [(0, 0.785103), (123, 0.521416), (3, 0.472374), (1, 0.268219), (2, 0.266724), (9, 0.255497), (26, 0.232381), (18, 0.225874), (35, 0.219319), (61, 0.219155)]]
[0.13090779999999994, 0.03854111938037085, [(0, 0.731842), (2, 0.432084), (161, 0.408372), (1, 0.295401), (10, 0.223153), (3, 0.211267), (20, 0.205866), (16, 0.200557), (5, 0.1992), (13, 0.194469)]]
[0.12612249999999994, 0.037431871159561314, [(0, 0.643404), (2, 0.446183), (149, 0.401417), (4, 0.269511), (1, 0.259005), (15, 0.245928), (13, 0.239578), (3, 0.220912), (25, 0.21792), (97, 0.21098)]]
[0.12694075400000002, 0.043316088622791, [(0, 0.676546), (1, 0.634785), (2, 0.413997), (173, 0.410563), (16, 0.227855), (3, 0.219653), (13, 0.212716), (5, 0.208291), (17, 0.195354), (4, 0.195117)]]
[0.12677593800000006, 0.03912809816060773, [(0, 0.65143), (153, 0.448526), (2, 0.447393), (3, 0.290465), (54, 0.27376), (13, 0.266901), (1, 0.243765), (5, 0.224071), (34, 0.215403), (94, 0.213688)]]
[0.14096535, 0.043128929226952786, [(0, 0.753024), (128, 0.527281), (4, 0.493385), (2, 0.458253), (1, 0.265885), (14, 0.227801), (3, 0.225045), (109, 0.220073), (13, 0.211083), (34, 0.20122)]]
[0.13987832600000008, 0.03791414839496892, [(0, 0.685981), (4, 0.528193), (2, 0.463694), (1, 0.294693), (3, 0.255895), (13, 0.210989), (30, 0.201799), (34, 0.198217), (5, 0.197411), (88, 0.19514)]]
[0.12725119200000004, 0.04487988990506923, [(2, 0.773772), (0, 0.643351), (143, 0.362293), (1, 0.322786), (11, 0.224957), (33, 0.222333), (3, 0.216166), (19, 0.2154), (17, 0.212701), (73, 0.206278)]]
[0.13271816399999997, 0.04059978360116102, [(0, 0.768252), (2, 0.481897), (144, 0.378488), (13, 0.279253), (10, 0.244936), (1, 0.238044), (3, 0.216894), (21, 0.213701), (93, 0.211385), (31, 0.210004)]]
[0.13887894400000012, 0.041587452877675325, [(0, 0.706867), (9, 0.603381), (2, 0.48138), (1, 0.365653), (33, 0.237073), (17, 0.224218), (13, 0.223039), (3, 0.21646), (26, 0.211512), (191, 0.205378)]]
[0.14238583600000004, 0.04238461542570728, [(0, 0.718013), (122, 0.492982), (2, 0.479412), (9, 0.476229), (3, 0.300465), (1, 0.290274), (12, 0.24699), (21, 0.237483), (30, 0.214836), (113, 0.21185)]]
[0.12685419399999995, 0.04362694302259057, [(0, 0.63399), (11, 0.523008), (140, 0.474202), (2, 0.458284), (3, 0.300006), (13, 0.289222), (1, 0.258618), (33, 0.240169), (72, 0.23426), (23, 0.224722)]]
[0.14027055000000013, 0.04020018002884439, [(0, 0.666153), (115, 0.497184), (5, 0.479674), (2, 0.450628), (1, 0.278264), (33, 0.250411), (7, 0.242717), (24, 0.238789), (3, 0.212274), (78, 0.206134)]]
[0.14059458599999997, 0.04377291759947699, [(0, 0.724699), (124, 0.538019), (7, 0.52311), (2, 0.454006), (1, 0.292683), (23, 0.254251), (5, 0.244813), (3, 0.234045), (14, 0.230326), (50, 0.228547)]]
[0.123815894, 0.035400206545142684, [(0, 0.650942), (2, 0.440624), (210, 0.377661), (1, 0.248201), (3, 0.200788), (33, 0.196233), (13, 0.194082), (10, 0.186445), (5, 0.181207), (9, 0.179939)]]
[0.127465614, 0.04313182591021395, [(0, 0.621974), (7, 0.54295), (2, 0.480456), (155, 0.451698), (3, 0.304704), (33, 0.255683), (1, 0.254314), (13, 0.246249), (145, 0.207694), (4, 0.207596)]]
