[0.153455782, 0.1548401059999998, 0.16358847200000004, 0.15328373799999995, 0.15515569599999995, 0.15663609999999997, 0.15746807000000024, 0.15182147599999998, 0.1614174900000001, 0.153374002, 0.15378243800000005, 0.15474842599999994, 0.15603162399999976, 0.15109084199999995, 0.15406978200000035, 0.15242968199999998, 0.15662158400000004, 0.163342614, 0.15345230400000007, 0.15441286999999995, 0.153402792, 0.16851422799999993, 0.1551558779999999, 0.15511314400000015, 0.15317183200000006, 0.16106584400000007, 0.15567322999999988, 0.15156833600000016, 0.15709128000000003, 0.15467498400000002]
[0.18483463333333333, 0.1855048666666666, 0.1893244666666667, 0.17764803333333332, 0.1834385666666667, 0.18392983333333335, 0.18361023333333337, 0.17816583333333333, 0.18963366666666664, 0.1822504333333333, 0.17728763333333333, 0.18321953333333335, 0.18169073333333333, 0.17924103333333333, 0.1793027333333333, 0.1764764333333333, 0.18161453333333333, 0.18987543333333332, 0.1824346333333333, 0.18078443333333333, 0.1799219333333333, 0.1970087666666667, 0.18373243333333333, 0.18127450000000003, 0.17910306666666662, 0.19483909999999996, 0.1799327333333333, 0.17940516666666667, 0.18323703333333335, 0.18593673333333333]
[0.1514528765957446, 0.15288278085106372, 0.16194574893617025, 0.15172857021276592, 0.15335040638297867, 0.15489394680851074, 0.15579942127659596, 0.15013992127659576, 0.15961645744680866, 0.15153082553191488, 0.1522821063829788, 0.15293112127659567, 0.1543938085106381, 0.14929402127659577, 0.15245916808510668, 0.1508947829787235, 0.1550262893617021, 0.16164902978723406, 0.15160236808510658, 0.15272957872340423, 0.15171008085106377, 0.1666954276595745, 0.15333184255319143, 0.15344327021276605, 0.15151664680851076, 0.15891010425531918, 0.15412475106382978, 0.14979151702127674, 0.15542240212765945, 0.15267955319148943]
[0.018332150664078572, 0.018555691024447568, 0.017744943870106104, 0.017207126037701814, 0.016901540773065153, 0.015083462510909097, 0.016604972511904376, 0.016263569242371864, 0.017329355388181634, 0.018962622439050867, 0.02337817922384367, 0.016476671670835826, 0.018792520567891463, 0.017171920692486218, 0.01692670822039761, 0.022523225659591396, 0.016995164242187947, 0.0176154482919114, 0.018773437976981836, 0.01651230182624761, 0.017139044051543137, 0.018034439896487387, 0.017197986092421284, 0.017186304402379938, 0.01596928439811177, 0.019734192207629477, 0.017560489013040033, 0.016485200974058648, 0.018530425640270656, 0.017907034315590726]
[0.03643170344675393, 0.034863386580320746, 0.034734755714061906, 0.033530901996500016, 0.0317355318464791, 0.019102424472796347, 0.02335077489604051, 0.021960699932809268, 0.03076730167600374, 0.03297806859887678, 0.019235752534422862, 0.03384378208251685, 0.020246595496417556, 0.022644544871386185, 0.02376187181169774, 0.020714223451022463, 0.02140216678397047, 0.034534646528458286, 0.03654615834300812, 0.0247469568980152, 0.023227110615160224, 0.03299368937608457, 0.027823378843080067, 0.024693149166992313, 0.025291539044949837, 0.033147996737208724, 0.022201095304711635, 0.024639203116285147, 0.025599833845142216, 0.030496985786503922]
[0.014350577721845515, 0.014995226854926115, 0.014594363735475072, 0.014244645724008624, 0.013612207789676185, 0.012967505191551503, 0.014564146568520061, 0.014264517259962221, 0.014317475348042558, 0.01601540184692526, 0.022809871546397416, 0.01267498526467626, 0.0174593285689406, 0.015071725266826505, 0.01501755410884785, 0.021749091833221983, 0.015349867452795724, 0.01435899695465507, 0.015252806514220854, 0.01427393013277325, 0.015175836923672073, 0.014878948910274341, 0.014483947502677471, 0.015127043538451887, 0.013594324994578966, 0.016331167518288683, 0.01601967296196285, 0.014061998825366332, 0.016644643750365805, 0.014676557212255787]
0.15588182153333333
0.18315530555555556
0.1541409608510639
0.017796513794190838
0.027574874326589224
0.01529794559407276
