0.218341666667
0.2822974
0.192706733333
0.189068766667
0.186000466667
0.177509966667
0.1757069
0.177684066667
0.171625733333
0.174432666667
0.171755933333
0.173356866667
0.1732662
0.173599333333
0.180431
0.1806719
0.1948707
0.196124733333
0.215910133333
0.182413366667
0.174928966667
0.1747149
0.1765224
0.171617433333
0.168344266667
0.170782933333
0.163287533333
0.1671042
0.174059366667
0.165522633333
0.163274833333
0.166230066667
0.1657308
0.1686104
0.165706133333
0.177102033333
0.169098266667
0.1862111
0.182372
0.1725619
0.168017833333
0.162231666667
0.1653697
0.160733166667
0.159545366667
0.161331733333
0.163038233333
0.163927766667
0.161959633333
0.162699633333
0.1605543
0.163820366667
0.1622799
0.1614253
0.167813566667
0.1578921
0.1726925
0.186332133333
0.176630566667
0.165560666667
0.1615508
0.1606201
0.156981733333
0.166643666667
0.161469666667
0.163055966667
0.160220966667
0.158617566667
0.158754633333
0.158730733333
0.1583489
0.157784
0.158991166667
0.156274966667
0.161093233333
0.163024333333
0.1615563
0.157987333333
0.1649574
0.1856694
0.170017733333
0.165555966667
0.159975033333
0.156904566667
0.156906633333
0.158780833333
0.1601612
0.155204366667
0.1564086
0.156809833333
0.1566521
0.1539568
0.1544539
0.157716966667
0.158125533333
0.1610431
0.1597904
0.1580958
0.158157166667
0.157500133333
0.1591002
0.180042966667
0.1661528
0.169556
0.160882966667
0.157090133333
0.1558115
0.156050966667
0.156958633333
0.155836466667
0.155052566667
0.1575043
0.1579299
0.155223033333
0.1553945
0.1573257
0.154892966667
0.155746666667
0.157167866667
0.156587
0.1570771
0.157270733333
0.1599489
0.159307433333
0.1671344
0.169542566667
0.168646533333
0.163693466667
0.158764733333
0.162518666667
0.1647235
0.162832233333
0.158009233333
0.156136333333
0.1547345
0.149540433333
0.1540367
0.155441966667
0.152968166667
0.160007933333
0.167815566667
0.154840833333
0.154496466667
0.1535859
0.1615167
0.156205
0.155275366667
0.157007433333
0.166958633333
0.1581579
0.153882733333
0.1637695
0.157785866667
0.154543833333
0.154185966667
0.158595833333
0.154896466667
0.1543157
0.154010933333
0.155132133333
0.155261866667
0.1512626
0.1569405
0.158697066667
0.154935133333
0.154375466667
0.157347533333
0.155375566667
0.153552066667
0.154610833333
0.155154166667
0.1540976
0.156300966667
0.164711433333
0.1548008
0.153524733333
0.1576676
0.164089666667
0.158288433333
0.154295333333
0.1547867
0.15488
0.1519562
0.150806533333
0.158635066667
0.1533264
0.152435
0.151561033333
0.155802033333
0.150620533333
0.150501433333
0.1541201
0.153714733333
0.151097533333
0.149196466667
0.152426
0.151876766667
0.1545561
0.158910366667
0.156516233333
0.150318733333
0.1532094
0.154859
0.1612612
0.155160933333
0.150836733333
0.156760933333
0.152970266667
0.150294866667
0.149235833333
0.1551486
0.156983233333
0.1541525
0.155551466667
0.156807233333
0.150809333333
0.155924133333
0.1522558
0.151432833333
0.152238666667
0.151679033333
0.154989933333
0.1535491
0.151545533333
0.1602579
0.1563696
0.153657
0.149806033333
0.1540728
0.1573419
0.153394633333
0.1563147
0.155062666667
0.1520319
0.1541289
0.153244433333
0.159411066667
0.154446466667
0.1485924
0.151036366667
0.159719466667
0.154410766667
0.151854466667
0.157060033333
0.152855733333
0.154050166667
0.1484382
0.1528472
0.150755833333
0.149864566667
0.157620366667
0.157832133333
0.1491353
0.1482551
0.150843866667
0.1540705
0.1531452
0.1545745
0.160269133333
0.1583651
0.1525963
0.154388866667
0.159445566667
0.151258566667
0.1517388
0.155367166667
0.154723566667
0.1515705
0.151207533333
0.152396733333
0.153673066667
0.152040966667
0.1481539
0.150176766667
0.153296633333
0.151393033333
0.154010366667
0.161538833333
0.156267466667
0.150337433333
0.1494085
0.148603466667
0.150000566667
0.1475061
0.151568566667
0.1515713
0.153219
0.153335066667
0.1547403
0.150313966667
0.1528637
0.153415966667
0.1493897
0.1549072
0.1496808
0.1539167
0.151692366667
0.1484138
0.147297233333
0.152645733333
0.149629966667
0.149707433333
0.152470266667
0.156173466667
0.158297266667
0.152160766667
0.156007333333
0.152733566667
0.1457233
0.1477562
0.152666766667
0.150072366667
0.14936
0.1499291
0.1546423
0.1508989
0.150901833333
0.1558475
0.154064866667
0.1511252
0.148475066667
0.154761066667
0.151571933333
0.1500014
0.154615633333
0.1554816
0.150541
0.148340466667
0.155149166667
0.150192833333
0.150168766667
0.1523148
0.157672833333
0.150831433333
0.1514906
0.1494089
0.151772866667
0.150641633333
0.151575466667
0.153288333333
0.154455666667
0.149866033333
0.148894633333
0.1589001
0.150127033333
0.1475389
0.147953266667
0.154145233333
0.1538674
0.149947533333
0.1466813
0.155538866667
0.150510433333
0.145651033333
0.153857233333
0.155399966667
0.1494791
0.149630666667
0.154670433333
0.153197133333
0.150218566667
0.1486493
0.153396133333
0.1480046
0.145904033333
0.153349366667
0.151266533333
0.147791033333
0.150915933333
0.151181333333
0.151072866667
0.149462466667
0.150023033333
0.149720266667
0.148899433333
0.1452817
0.1469417
0.152360466667
0.148016733333
0.151385433333
0.153891133333
0.147567233333
0.1453934
0.144875566667
0.1493592
0.1500903
0.151636766667
0.150721833333
0.151579933333
0.153502966667
0.1495156
0.150703466667
0.162045033333
0.148454866667
0.147718266667
0.149549633333
0.147403633333
0.146502066667
0.1461043
0.151407833333
0.147810833333
0.148310066667
0.1505966
0.150553533333
0.1481196
0.145059933333
0.149865166667
0.146952533333
0.147809633333
0.1479512
0.151542633333
0.1485056
0.147295166667
0.1483258
0.148902833333
0.1480165
0.147727633333
0.1506945
0.151188466667
0.148862066667
0.151034966667
0.1546231
0.1497217
0.146663866667
0.145620066667
0.152627766667
0.145804
0.145130066667
0.148454233333
0.149109
0.147355733333
0.1478912
0.1484885
0.146507866667
0.1482978
0.1475117
0.150373266667
0.147425466667
0.145261233333
0.1517868
0.1529919
0.147798
0.145822133333
0.150111066667
0.1555624
0.1510243
0.150155633333
0.1544262
0.151977166667
0.148141633333
0.1481247
0.1500165
0.147862066667
0.145999633333
0.1488352
0.150302533333
0.148933233333
0.1452424
0.148577033333
0.151854966667
0.148979866667
0.147732066667
0.1530189
0.1476784
0.144484966667
0.148947566667
0.1498221
0.147885066667
0.1444007
0.148762333333
0.146440233333
0.1469689
0.144904866667
0.165940633333
0.148698533333
0.149217566667
0.14955
0.1559126
0.151461633333
0.1472041
0.1478822
0.146094833333
0.1548977
0.144527666667
0.147802033333
0.1450423
0.143099866667
0.144715233333
0.153866166667
0.147830833333
0.1486171
0.148234
0.148619866667
0.1463653
0.1477186
0.150386233333
0.147186766667
0.1468134
0.148621966667
0.150618
