0.0151517440896
0.0462535407074
0.0190057672842
0.0310755854487
0.0116990062419
0.0103546428056
0.0124699829868
0.0132636789239
0.00804465411286
0.0104255755311
0.00989518608191
0.00811815181238
0.0108274439501
0.00895212892867
0.0127572502837
0.00958362009664
0.0138438725125
0.02449130301
0.0333136559704
0.0263066785075
0.0178894620349
0.013404180212
0.0150702159277
0.0153756408445
0.00991277856753
0.0136328871286
0.00821398100693
0.00937308602116
0.0164774798528
0.00879977060869
0.00909623459124
0.0097806627994
0.0103177298582
0.0158510205047
0.00960918962151
0.0207174709677
0.0110366200923
0.0243038503484
0.020009714684
0.0211601947382
0.0139529255692
0.0101188640744
0.0135726228395
0.0146614127425
0.0103619158476
0.0092986190406
0.0111139093143
0.0116186183134
0.00957596642114
0.0112876066093
0.0106125406074
0.00737364385942
0.00835718447146
0.0103480974552
0.0210342981607
0.0084438129592
0.0209780996291
0.0262913934076
0.0161549850442
0.0176006781504
0.0106263508456
0.00943253979354
0.00604172656301
0.010468071791
0.011135869289
0.0128182753247
0.0124918260568
0.0102101195412
0.0104095650581
0.0100280946476
0.00697003786862
0.00842343271673
0.0101990830538
0.00739944813926
0.00871690877427
0.0143131060299
0.0105747814482
0.0102257163444
0.0130840138887
0.0259547308232
0.0186737733286
0.0153497951463
0.0112030885845
0.00920948192058
0.00691369671731
0.0120424523474
0.0139236632977
0.00956427001042
0.0106724426776
0.0108528442511
0.00910888654868
0.00855505592579
0.0089527828573
0.0107769348347
0.00944070239524
0.0239682684694
0.0134178403419
0.00830208780328
0.0142618083591
0.0140296522379
0.0122620066993
0.0234041028775
0.0210474069146
0.017683789575
0.0153356241009
0.0132655843262
0.0109975471803
0.0110239940659
0.00975820929093
0.0100849860345
0.00925794089303
0.0111358514692
0.00981488689135
0.00908973136927
0.0100532150305
0.00902743089755
0.0102213191598
0.0142567697378
0.0108146848551
0.0105256156685
0.00782774641622
0.0106594346784
0.0132734855316
0.0127850873382
0.0232686792357
0.0190436078579
0.025225240013
0.0170496321851
0.0178512330889
0.0182094805423
0.0241386999067
0.0195551617682
0.0157606208733
0.0116654546513
0.0106292217048
0.00655358401021
0.00926810669321
0.0117005962113
0.00860948175399
0.0193727597241
0.0239774157569
0.00923292793244
0.0103274244183
0.0103252604627
0.0152231958912
0.00949778526465
0.0104755918734
0.0156764256017
0.0244619627442
0.0141919266706
0.0146338055564
0.0237309079567
0.0144097650287
0.0115333397738
0.010833257954
0.0102278766747
0.0140559673015
0.0110378095476
0.0101618949707
0.0141000188599
0.0126257591633
0.00825913740694
0.0109602370831
0.0167757754474
0.0128610706131
0.00989179813358
0.0161225646383
0.0171645140987
0.00862594559428
0.0142235328197
0.0111483947606
0.00893784891571
0.0164101830286
0.0198819967687
0.0108547909466
0.00917644481606
0.0157065193887
0.0212340702117
0.0159669754424
0.0154087621357
0.0106738247882
0.0126216982349
0.0111015134025
0.00902240979167
0.0169472762923
0.0138185060447
0.00974024006891
0.0149579007919
0.0120197837542
0.00844671885698
0.0103436314503
0.0150061231621
0.0128499402954
0.00834409025492
0.00673493937975
0.010479787835
0.0116882413553
0.0131624188363
0.0171543395161
0.0125343177256
0.00802237199309
0.0125024775054
0.0119952617256
0.0201316053779
0.0131534773119
0.0125110337994
0.0145754934803
0.00930692772771
0.0104591459554
0.00846800822344
0.0173758765968
0.0184584521718
0.0148908944073
0.0152356640217
0.0129096900729
0.00968965463207
0.023219090968
0.0095686844843
0.00756258483185
0.0104026947385
0.0109862066656
0.0170511172321
0.0120990486633
0.0141359074906
0.0207033559121
0.0120539287803
0.0136390822272
0.00788600245364
0.0137973337192
0.0138115338114
0.0181128037043
0.0223895501014
0.0131752792895
0.012320093572
0.0124440944584
0.012762767523
0.0167679663544
0.013223471664
0.00748052618292
0.00929286730593
0.0207881283569
0.0178759111631
0.00986709515421
0.0173708003183
0.0137000851383
0.0131144152496
0.00799420698756
0.0110028768068
0.0122624168175
0.0107963085256
0.0229597250542
0.0151136129361
0.00787055336958
0.0076145741065
0.011541421769
0.0147555537177
0.0108083194389
0.0154400940773
0.0189055756692
0.0173580383249
0.0118846930886
0.0190479701609
0.0151015598878
0.00938928249542
0.0133402549136
0.0184432547491
0.0144668672897
0.0118681055151
0.0137901576586
0.0119524063126
0.014179165878
0.0138526288491
0.00792826831176
0.00872711967636
0.0201444051049
0.0121838107079
0.0142881343697
0.0164768080527
0.0160074849237
0.011057841027
0.00943354006281
0.00873704761627
0.0112634856881
0.0105839842887
0.0114697682908
0.0109509000761
0.0184398095164
0.0169162998455
0.0177926915598
0.0120248468084
0.0153764957606
0.0136478162099
0.00781150270285
0.0141858157735
0.00956987040107
0.0143794367603
0.0148740850463
0.0106361572334
0.0105589514842
0.0100549344435
0.0115253006916
0.0135121133104
0.014764845853
0.0259953344336
0.0281771556808
0.0141539935747
0.0165304831959
0.0139802627102
0.00713713676554
0.00957765085116
0.0128117912895
0.0117785756934
0.0108320093765
0.011906011239
0.0152471584176
0.00990302532344
0.0145053198013
0.0159736115615
0.0186250490912
0.0126425604801
0.0104809968003
0.0167640015548
0.0122609006519
0.0107042776017
0.0184032873304
0.0150253751248
0.0107421975188
0.0112232113281
0.0162973131632
0.0108045021791
0.00974299973206
0.0188517226877
0.0289127503051
0.0127509449994
0.0128828761918
0.0112194934032
0.0107454517471
0.0152372603082
0.019331669117
0.0176008956578
0.0147646969386
0.011713545488
0.0124851483705
0.0190242132458
0.00879734684051
0.00858741846871
0.0141961036038
0.0183449541667
0.0174264435473
0.0123260165226
0.00903278159502
0.0168967303084
0.0128651116349
0.00955868619453
0.0200181160247
0.0177530986563
0.0122009661458
0.0159381871456
0.0130863861339
0.015251035396
0.0163993448643
0.0150144770297
0.0166496166337
0.00898797234308
0.00846647398265
0.0187552669518
0.0149048952176
0.0090730377033
0.0166988897234
0.0116872132017
0.0125335621266
0.0146550396673
0.0125251065717
0.0100054941705
0.0128331798623
0.0112511772692
0.00845269298764
0.0188988108916
0.0119291777558
0.0253552383288
0.0172042460723
0.0102289760735
0.00944036407702
0.00691214253655
0.0127622684253
0.0119655268616
0.0173538376422
0.0142353873641
0.0167505664221
0.0187985518954
0.0140817875016
0.0113533279695
0.065727208518
0.012365028677
0.0106901706751
0.0103749572288
0.00924548735865
0.0115070657857
0.0118924333567
0.0120839086339
0.00926815936089
0.0166889719354
0.0142087330179
0.0112523052889
0.0153217427199
0.00955872487637
0.017004317546
0.00830334717542
0.0156190128657
0.0149675901676
0.0122957836743
0.0138008097772
0.0116214345675
0.0101033693733
0.0108226864412
0.0122355048574
0.0126757007314
0.0127806498733
0.0156305270837
0.0110190967686
0.0156286319693
0.0164563627621
0.0120179278834
0.0109614135425
0.00749684891553
0.0131303766148
0.00885414867732
0.00888299807848
0.0123654732129
0.013209071981
0.0118138075119
0.0114212840095
0.0123372794185
0.00783946188091
0.0129692736687
0.00920307314307
0.014701035435
0.0101322171997
0.00796244255943
0.0208312217795
0.0186653615437
0.0110428372894
0.00954396386111
0.0135798189996
0.0298038185692
0.0181613679957
0.0150683972903
0.0134790733618
0.0170017652967
0.0151020427989
0.0129477604142
0.011661056781
0.0125981569867
0.00924772531845
0.0131516039564
0.0107126122203
0.0152551438247
0.00753843143985
0.00979382874564
0.011885561124
0.0136457250369
0.00853906690036
0.0144455111721
0.00928903979465
0.00736831338224
0.0117276625681
0.0125515540641
0.0114033111534
0.00770959008487
0.0146237102801
0.011287556611
0.0137702399915
0.0122701084802
0.0711805793507
0.0166489424704
0.0143717254651
0.0122404415988
0.0177203109992
0.0197378252947
0.0109819639572
0.0113852216796
0.00795593800078
0.0327669073926
0.00979283855455
0.0113292488174
0.0114583436853
0.00763458975424
0.00881237921216
0.0206216244948
0.0113011094089
0.0166907307796
0.0110442467496
0.0119208283178
0.010899014014
0.0170813474519
0.0127134356062
0.00935631556288
0.0113799629367
0.0143891353979
0.0144350106269
