[[1, 0.253171], [2, 0.212845], [4, 0.346138], [24, 0.224534], [44, 0.213118], [140, 0.215122], [167, 0.219438]]
[[1, 0.235382], [2, 0.327331], [19, 0.264488], [225, 0.214313], [305, 0.22763], [333, 0.241725]]
[[1, 0.239013], [2, 0.341386], [8, 0.225116], [17, 0.220979], [19, 0.224429], [38, 0.234056], [58, 0.218878], [80, 0.223634], [251, 0.22003], [333, 0.258261]]
[[2, 0.334572], [5, 0.205145], [19, 0.230183], [58, 0.223765], [149, 0.2292], [332, 0.230736]]
[[1, 0.213438], [2, 0.329396], [20, 0.237342], [39, 0.218458], [59, 0.215897], [127, 0.208304], [256, 0.213059]]
[[1, 0.220103], [2, 0.21176], [3, 0.24893], [20, 0.207812], [21, 0.211972], [40, 0.212921], [129, 0.204725], [178, 0.213857], [231, 0.20617], [483, 0.23787]]
[[1, 0.227534], [2, 0.266521], [19, 0.233747], [39, 0.207853], [211, 0.234234], [241, 0.221286], [303, 0.208018], [402, 0.219413]]
[[1, 0.215347], [2, 0.270428], [19, 0.211906], [38, 0.207535], [58, 0.211229], [80, 0.200906], [102, 0.203453], [127, 0.207651], [152, 0.230819], [179, 0.220991], [206, 0.2025], [356, 0.20938], [388, 0.204029]]
[[1, 0.21467], [2, 0.3254], [17, 0.222469], [19, 0.232239], [23, 0.214368], [58, 0.224037], [125, 0.238703], [148, 0.220479]]
[[2, 0.313675], [19, 0.279909], [80, 0.236097], [224, 0.214642], [304, 0.273271], [445, 0.21379], [474, 0.218142]]
[[3, 0.226404], [104, 0.228898], [204, 0.225096], [474, 0.534859]]
[[1, 0.239896], [2, 0.328507], [19, 0.247249], [39, 0.220436], [102, 0.211874], [150, 0.207177]]
[[3, 0.251489], [21, 0.22379], [40, 0.217863], [60, 0.224984], [131, 0.247544], [275, 0.251413], [340, 0.221742], [409, 0.215025], [446, 0.218494], [483, 0.29372]]
[[1, 0.206686], [2, 0.252568], [18, 0.232496], [35, 0.204338], [38, 0.217126], [232, 0.202791], [260, 0.208757], [319, 0.210074], [381, 0.222991]]
[[1, 0.207762], [2, 0.27628], [17, 0.211994], [19, 0.212723], [58, 0.223696], [80, 0.2222], [103, 0.224789], [326, 0.207047], [358, 0.217691], [390, 0.209681], [457, 0.210712], [491, 0.223197]]
[[2, 0.235956], [18, 0.227954], [339, 0.220049], [393, 0.511482]]
[[1, 0.219601], [2, 0.247087], [18, 0.228168], [26, 0.211007], [36, 0.21901], [55, 0.218428], [96, 0.269587], [118, 0.212249], [133, 0.208731], [164, 0.211861], [185, 0.212209], [188, 0.212273], [262, 0.2203], [347, 0.208463], [366, 0.22758]]
[[1, 0.224213], [2, 0.351391], [20, 0.243754], [34, 0.231526], [40, 0.229879], [105, 0.228092], [475, 0.221285]]
[[1, 0.232348], [2, 0.351415], [19, 0.236886], [80, 0.213628], [141, 0.214551], [325, 0.214032], [407, 0.228162]]
[[1, 0.21195], [2, 0.259467], [18, 0.236799], [19, 0.233815], [38, 0.230986], [80, 0.211089], [102, 0.206611], [127, 0.216087], [325, 0.207029], [355, 0.220386]]
[[2, 0.270738], [17, 0.210778], [19, 0.228455], [38, 0.20538], [127, 0.25631], [152, 0.230821], [355, 0.206183], [440, 0.218784], [489, 0.228553]]
[[1, 0.237884], [2, 0.342034], [20, 0.257014], [39, 0.229258], [81, 0.234003], [103, 0.227807], [178, 0.238164], [232, 0.253573], [348, 0.230495], [378, 0.238637]]
[[2, 0.291029], [19, 0.250032], [20, 0.223361], [39, 0.211052], [58, 0.230277], [80, 0.210247], [149, 0.210439], [363, 0.215582]]
[[1, 0.219282], [2, 0.261567], [5, 0.210392], [18, 0.235891], [36, 0.240178], [55, 0.226524], [58, 0.20714], [96, 0.218959], [212, 0.22788]]
[[2, 0.275369], [18, 0.231867], [19, 0.225754], [57, 0.21126], [102, 0.231265], [180, 0.201987], [266, 0.219546], [495, 0.225426]]
[[1, 0.243838], [2, 0.313818], [19, 0.278793], [38, 0.234253], [58, 0.228243], [80, 0.225979], [174, 0.220741], [222, 0.230275], [251, 0.222163], [305, 0.261697]]
[[2, 0.241947], [19, 0.257292], [57, 0.224545], [99, 0.211006], [145, 0.213], [168, 0.212815], [217, 0.265813], [242, 0.208763], [322, 0.211548], [489, 0.211553]]
[[1, 0.210896], [2, 0.260049], [18, 0.249875], [57, 0.201165], [79, 0.206959], [231, 0.220515], [259, 0.20364], [279, 0.205077], [288, 0.212319], [412, 0.202982]]
[[1, 0.224238], [2, 0.286417], [18, 0.219079], [57, 0.215892], [80, 0.219273], [289, 0.225321], [380, 0.274952], [445, 0.292837], [479, 0.223294]]
[[1, 0.225078], [2, 0.305555], [15, 0.209737], [19, 0.254314], [36, 0.216937], [38, 0.209988], [100, 0.213329], [241, 0.227986]]
