[0.103048, 0.105614, 0.22006, 76.727891, 0.021285, 0.047239, 0.051973, 0.126819]
[0.098159, 0.105215, 0.224342, 77.42005299999991, 0.018305, 0.048118, 0.055446, 0.140688]
[0.109707, 0.094158, 0.234778, 81.79423600000003, 0.022197, 0.045028, 0.051752, 0.136939]
[0.098669, 0.099864, 0.227065, 76.64186899999997, 0.018889, 0.088191, 0.054073, 0.119803]
[0.099096, 0.09986, 0.225521, 77.57784799999997, 0.018692, 0.049858, 0.054023, 0.122246]
[0.094432, 0.100288, 0.212939, 78.31804999999999, 0.018155, 0.046521, 0.051446, 0.128334]
[0.09606, 0.105118, 0.224887, 78.73403500000012, 0.018906, 0.055191, 0.056567, 0.143102]
[0.092138, 0.104483, 0.217733, 75.910738, 0.019746, 0.060057, 0.053414, 0.118796]
[0.104594, 0.101207, 0.262103, 80.70874500000005, 0.019385, 0.046676, 0.051561, 0.130194]
[0.097135, 0.100491, 0.236135, 76.68700100000001, 0.018088, 0.04621, 0.060913, 0.120108]
[0.103861, 0.102727, 0.228666, 76.89121900000002, 0.022066, 0.057003, 0.056635, 0.128637]
[0.107386, 0.098787, 0.235264, 77.37421299999997, 0.021515, 0.047764, 0.052698, 0.215601]
[0.100112, 0.098329, 0.231946, 78.01581199999988, 0.021359, 0.051609, 0.068103, 0.121497]
[0.096347, 0.127308, 0.248531, 75.54542099999998, 0.023593, 0.049692, 0.049843, 0.118146]
[0.096948, 0.099946, 0.221749, 77.03489100000017, 0.018314, 0.048532, 0.05226, 0.120743]
[0.098914, 0.094584, 0.240666, 76.21484099999999, 0.019605, 0.047345, 0.056225, 0.128261]
[0.100494, 0.106531, 0.216062, 78.31079200000002, 0.019518, 0.047932, 0.055793, 0.125141]
[0.115487, 0.109009, 0.219537, 81.671307, 0.021522, 0.055594, 0.057925, 0.150603]
[0.090905, 0.099921, 0.230209, 76.72615200000003, 0.021404, 0.052424, 0.054527, 0.118697]
[0.103011, 0.101573, 0.26394, 77.20643499999997, 0.019213, 0.046963, 0.058657, 0.121434]
[0.09642, 0.098998, 0.255224, 76.701396, 0.017448, 0.047079, 0.083443, 0.121085]
[0.091154, 0.108558, 0.221793, 84.25711399999997, 0.018782, 0.048344, 0.05237, 0.138536]
[0.101203, 0.093973, 0.251798, 77.57793899999996, 0.020201, 0.046227, 0.049639, 0.123112]
[0.096449, 0.092151, 0.230913, 77.55657200000007, 0.017913, 0.051054, 0.053027, 0.137948]
[0.093082, 0.098125, 0.216283, 76.58591600000003, 0.023269, 0.045305, 0.054827, 0.12324]
[0.106254, 0.096606, 0.219098, 80.53292200000003, 0.01868, 0.046886, 0.050573, 0.125955]
[0.094743, 0.106308, 0.234932, 77.83661499999994, 0.019985, 0.050541, 0.049933, 0.120137]
[0.095118, 0.096223, 0.215112, 75.78416800000008, 0.018538, 0.049415, 0.0511, 0.145109]
[0.092076, 0.102027, 0.219382, 78.54564000000002, 0.019105, 0.046638, 0.050576, 0.122761]
[0.102913, 0.095815, 0.213903, 77.33749200000001, 0.018356, 0.04566, 0.052364, 0.129656]
