[0.153455782, 0.018332150664078572, [(3, 0.346138), (0, 0.253171), (23, 0.224534), (166, 0.219438), (139, 0.215122), (43, 0.213118), (1, 0.212845), (64, 0.206407), (197, 0.199197), (421, 0.198744)]]
[0.1548401059999998, 0.018555691024447568, [(1, 0.327331), (18, 0.264488), (332, 0.241725), (0, 0.235382), (304, 0.22763), (224, 0.214313), (250, 0.209781), (388, 0.209183), (4, 0.20772), (79, 0.204799)]]
[0.16358847200000004, 0.017744943870106104, [(1, 0.341386), (332, 0.258261), (0, 0.239013), (37, 0.234056), (7, 0.225116), (18, 0.224429), (79, 0.223634), (16, 0.220979), (250, 0.22003), (57, 0.218878)]]
[0.15328373799999995, 0.017207126037701814, [(1, 0.334572), (331, 0.230736), (18, 0.230183), (148, 0.2292), (57, 0.223765), (4, 0.205145), (124, 0.203817), (450, 0.202561), (446, 0.201988), (79, 0.200092)]]
[0.15515569599999995, 0.016901540773065153, [(1, 0.329396), (19, 0.237342), (38, 0.218458), (58, 0.215897), (0, 0.213438), (255, 0.213059), (126, 0.208304), (368, 0.203488), (102, 0.200156), (228, 0.199378)]]
[0.15663609999999997, 0.015083462510909097, [(2, 0.24893), (482, 0.23787), (0, 0.220103), (177, 0.213857), (39, 0.212921), (20, 0.211972), (1, 0.21176), (19, 0.207812), (230, 0.20617), (128, 0.204725)]]
[0.15746807000000024, 0.016604972511904376, [(1, 0.266521), (210, 0.234234), (18, 0.233747), (0, 0.227534), (240, 0.221286), (401, 0.219413), (302, 0.208018), (38, 0.207853), (35, 0.205609), (80, 0.205334)]]
[0.15182147599999998, 0.016263569242371864, [(1, 0.270428), (151, 0.230819), (178, 0.220991), (0, 0.215347), (18, 0.211906), (57, 0.211229), (355, 0.20938), (126, 0.207651), (37, 0.207535), (387, 0.204029)]]
[0.1614174900000001, 0.017329355388181634, [(1, 0.3254), (124, 0.238703), (18, 0.232239), (57, 0.224037), (16, 0.222469), (147, 0.220479), (0, 0.21467), (22, 0.214368), (101, 0.212174), (328, 0.211825)]]
[0.153374002, 0.018962622439050867, [(1, 0.313675), (18, 0.279909), (303, 0.273271), (79, 0.236097), (473, 0.218142), (223, 0.214642), (444, 0.21379), (57, 0.210134), (0, 0.208535), (172, 0.204554)]]
[0.15378243800000005, 0.02337817922384367, [(473, 0.534859), (103, 0.228898), (2, 0.226404), (203, 0.225096), (258, 0.220196), (0, 0.220009), (20, 0.219608), (39, 0.213569), (177, 0.209671), (140, 0.208262)]]
[0.15474842599999994, 0.016476671670835826, [(1, 0.328507), (18, 0.247249), (0, 0.239896), (38, 0.220436), (101, 0.211874), (149, 0.207177), (5, 0.203927), (58, 0.202632), (358, 0.198684), (36, 0.195404)]]
[0.15603162399999976, 0.018792520567891463, [(482, 0.29372), (2, 0.251489), (274, 0.251413), (130, 0.247544), (59, 0.224984), (20, 0.22379), (339, 0.221742), (445, 0.218494), (39, 0.217863), (408, 0.215025)]]
[0.15109084199999995, 0.017171920692486218, [(1, 0.252568), (17, 0.232496), (380, 0.222991), (37, 0.217126), (318, 0.210074), (259, 0.208757), (0, 0.206686), (34, 0.204338), (231, 0.202791), (20, 0.201972)]]
[0.15406978200000035, 0.01692670822039761, [(1, 0.27628), (102, 0.224789), (57, 0.223696), (490, 0.223197), (79, 0.2222), (357, 0.217691), (18, 0.212723), (16, 0.211994), (456, 0.210712), (389, 0.209681)]]
[0.15242968199999998, 0.022523225659591396, [(392, 0.511482), (1, 0.235956), (17, 0.227954), (338, 0.220049), (16, 0.216235), (140, 0.207806), (0, 0.207604), (366, 0.205375), (54, 0.204605), (448, 0.204093)]]
[0.15662158400000004, 0.016995164242187947, [(95, 0.269587), (1, 0.247087), (17, 0.228168), (365, 0.22758), (261, 0.2203), (0, 0.219601), (35, 0.21901), (54, 0.218428), (187, 0.212273), (117, 0.212249)]]
[0.163342614, 0.0176154482919114, [(1, 0.351391), (19, 0.243754), (33, 0.231526), (39, 0.229879), (104, 0.228092), (0, 0.224213), (474, 0.221285), (140, 0.215832), (404, 0.215738), (439, 0.215373)]]
[0.15345230400000007, 0.018773437976981836, [(1, 0.351415), (18, 0.236886), (0, 0.232348), (406, 0.228162), (140, 0.214551), (324, 0.214032), (79, 0.213628), (43, 0.204415), (40, 0.203963), (58, 0.2023)]]
[0.15441286999999995, 0.01651230182624761, [(1, 0.259467), (17, 0.236799), (18, 0.233815), (37, 0.230986), (354, 0.220386), (126, 0.216087), (0, 0.21195), (79, 0.211089), (324, 0.207029), (101, 0.206611)]]
[0.153402792, 0.017139044051543137, [(1, 0.270738), (126, 0.25631), (151, 0.230821), (488, 0.228553), (18, 0.228455), (439, 0.218784), (16, 0.210778), (354, 0.206183), (37, 0.20538), (386, 0.201161)]]
[0.16851422799999993, 0.018034439896487387, [(1, 0.342034), (19, 0.257014), (231, 0.253573), (377, 0.238637), (177, 0.238164), (0, 0.237884), (80, 0.234003), (347, 0.230495), (38, 0.229258), (102, 0.227807)]]
[0.1551558779999999, 0.017197986092421284, [(1, 0.291029), (18, 0.250032), (57, 0.230277), (19, 0.223361), (362, 0.215582), (38, 0.211052), (148, 0.210439), (79, 0.210247), (2, 0.20533), (101, 0.199655)]]
[0.15511314400000015, 0.017186304402379938, [(1, 0.261567), (35, 0.240178), (17, 0.235891), (211, 0.22788), (54, 0.226524), (0, 0.219282), (95, 0.218959), (4, 0.210392), (57, 0.20714), (28, 0.2062)]]
[0.15317183200000006, 0.01596928439811177, [(1, 0.275369), (17, 0.231867), (101, 0.231265), (18, 0.225754), (494, 0.225426), (265, 0.219546), (56, 0.21126), (179, 0.201987), (37, 0.200433), (295, 0.199958)]]
[0.16106584400000007, 0.019734192207629477, [(1, 0.313818), (18, 0.278793), (304, 0.261697), (0, 0.243838), (37, 0.234253), (221, 0.230275), (57, 0.228243), (79, 0.225979), (250, 0.222163), (173, 0.220741)]]
[0.15567322999999988, 0.017560489013040033, [(216, 0.265813), (18, 0.257292), (1, 0.241947), (56, 0.224545), (144, 0.213), (167, 0.212815), (488, 0.211553), (321, 0.211548), (98, 0.211006), (241, 0.208763)]]
[0.15156833600000016, 0.016485200974058648, [(1, 0.260049), (17, 0.249875), (230, 0.220515), (287, 0.212319), (0, 0.210896), (78, 0.206959), (278, 0.205077), (258, 0.20364), (411, 0.202982), (56, 0.201165)]]
[0.15709128000000003, 0.018530425640270656, [(444, 0.292837), (1, 0.286417), (379, 0.274952), (288, 0.225321), (0, 0.224238), (478, 0.223294), (79, 0.219273), (17, 0.219079), (56, 0.215892), (203, 0.212584)]]
[0.15467498400000002, 0.017907034315590726, [(1, 0.305555), (18, 0.254314), (240, 0.227986), (0, 0.225078), (35, 0.216937), (99, 0.213329), (37, 0.209988), (14, 0.209737), (167, 0.207863), (131, 0.205545)]]
