s3://susy-data/susy
[[12.5, 1, 30], 38.196625923]
[[12.5, 1, 30], 37.298587206]
[[12.5, 1, 30], 37.729585687]
[[12.5, 1, 30], 39.657616397]
[[12.5, 1, 30], 42.394273992]
[[12.5, 1, 30], 42.386794172]
[[12.5, 1, 30], 43.655285505]
[[12.5, 1, 30], 43.080076584]
[[12.5, 1, 30], 41.923779561]
[[12.5, 1, 30], 42.31720554]
[[12.5, 1, 30], 42.737529295]
[[12.5, 1, 30], 42.137051861]
[[12.5, 1, 30], 42.42286678]
[[12.5, 1, 30], 42.306464002]
[[12.5, 1, 30], 42.283276758]
[[12.5, 1, 30], 43.129416662]
[[12.5, 1, 30], 42.152585588]
[[12.5, 1, 30], 42.398455716]
[[12.5, 1, 30], 42.691675389]
[[12.5, 1, 30], 42.729302299]
[[12.5, 1, 30], 42.754248691]
[[12.5, 1, 30], 42.062113775]
[[12.5, 1, 30], 43.666222598]
[[12.5, 1, 30], 42.520413228]
[[12.5, 1, 30], 42.867170028]
[[12.5, 1, 30], 42.366078885]
[[12.5, 1, 30], 42.163584804]
[[12.5, 1, 30], 42.692911459]
[[12.5, 1, 30], 42.532933173]
[[12.5, 1, 30], 42.550834723]
