[0.234301162, 0.23173772399999967, 0.23214824799999997, 0.23454327000000003, 0.23507815000000007, 0.24062575999999986, 0.23414410799999982, 0.23934137800000013, 0.22796101000000032, 0.236051478, 0.237394838, 0.23420936799999983, 0.23267263800000004, 0.23240394200000009, 0.236879226, 0.24000386600000007, 0.23788901000000037, 0.23689751799999975, 0.2328765780000002, 0.23312074000000013, 0.23848425399999995, 0.23519995999999999, 0.23386528999999995, 0.23080977200000022, 0.236494492, 0.2328791139999998, 0.24824721399999994, 0.23722751800000005, 0.22937937400000033, 0.2339581139999998]
[0.31938750000000005, 0.3091349333333334, 0.3494061333333334, 0.3528031, 0.30854266666666674, 0.3409975333333333, 0.3144116333333334, 0.35864809999999997, 0.3162209, 0.3397072666666667, 0.3465634, 0.3238916999999999, 0.3323172999999999, 0.3463399000000001, 0.3247072333333333, 0.33030600000000004, 0.35273700000000013, 0.33980096666666665, 0.31738639999999996, 0.3709931666666666, 0.33747720000000003, 0.3184698333333334, 0.33439046666666655, 0.35430939999999994, 0.3440204666666666, 0.34276686666666667, 0.3380349333333333, 0.3369871333333333, 0.32220276666666675, 0.32561476666666667]
[0.22887011914893624, 0.22679747659574437, 0.22466370212765954, 0.22699477021276598, 0.230388925531915, 0.23421905106382965, 0.22902064893617, 0.231726055319149, 0.22232740000000023, 0.22943515106382986, 0.23042663191489376, 0.22848496382978709, 0.22631234042553192, 0.22513143404255334, 0.23127318297872343, 0.23423990000000003, 0.2305582872340429, 0.2303292127659573, 0.22748233404255322, 0.22432037234042565, 0.23216555531914887, 0.22988486170212763, 0.2274487893617019, 0.22292681702127679, 0.22963113191489357, 0.2258650021276594, 0.24251608297872324, 0.23085988297872345, 0.22345447659574494, 0.22810768936170192]
[0.033206135343092184, 0.0366025769809699, 0.05379682476996661, 0.057821297840649474, 0.03811897609552886, 0.04177809997755282, 0.0398371960404386, 0.05233759854914167, 0.03659082587805176, 0.05083365511884343, 0.05141307296577158, 0.03916806066820994, 0.04262867432120023, 0.05587311205693342, 0.03754609311327777, 0.04861388198101489, 0.05580140925695246, 0.05115321923048121, 0.03911786721266784, 0.06797684131164382, 0.05138832586591516, 0.03209040958626735, 0.04693485801425099, 0.05327669997768271, 0.05115796066343869, 0.05143806622462592, 0.05018713813570374, 0.043883251289001786, 0.03894408531007144, 0.051491699336310565]
[0.056541786524510654, 0.0558074261796363, 0.16274078077907278, 0.1504586928223934, 0.04706507354385934, 0.09519524036131687, 0.05327230564967338, 0.15607819395895767, 0.08882730148115124, 0.10710920472518794, 0.13204141471614125, 0.05612441155216388, 0.1129642152282896, 0.12277198560484663, 0.09058936625332406, 0.08306832512456236, 0.12318398924697965, 0.12769733503313827, 0.09572872019604847, 0.19259791188917966, 0.14295106119797316, 0.054470600411037226, 0.11311090497139917, 0.15774386111279684, 0.13787508322384517, 0.13733771849683377, 0.10281002809970545, 0.09960836029595552, 0.09784866572678558, 0.07739428855657818]
[0.021848644227441053, 0.02863042478810475, 0.02132331233362278, 0.034089199132325866, 0.03221697485403494, 0.024377982596212162, 0.03270562602409285, 0.01981405255940155, 0.01979279285953415, 0.03587651697266536, 0.029831065517924873, 0.02974648355561079, 0.021081890409075765, 0.03843794200951063, 0.02126218108436647, 0.03898704494076725, 0.03805679948384606, 0.031996575858846216, 0.023621610786435848, 0.03545877993604477, 0.028974550170725283, 0.020863896508032612, 0.028994064454281595, 0.019890049099041043, 0.028030665998943036, 0.028122277286839147, 0.03817609726132153, 0.02719506754669468, 0.020426594557473587, 0.04321854664236148]
0.23522750380000007
0.33495255555555553
0.228862074964539
0.0467002637705219
0.10770047509877813
0.028768256981852595
