[[1, 0.395328], [2, 0.396134], [3, 0.386879], [4, 0.413694], [5, 0.367352], [7, 0.405793], [8, 0.402642], [9, 0.432094], [16, 0.38481], [33, 0.337764], [43, 0.336943], [254, 0.35267]]
[[1, 0.416647], [3, 0.346807], [4, 0.376924], [7, 0.497878], [11, 0.380454], [14, 0.379034], [21, 0.349946], [45, 0.681956]]
[[1, 0.896816], [2, 0.87766], [3, 0.674694]]
[[1, 0.78175], [2, 0.888548], [3, 0.655848], [7, 0.451897], [56, 0.586516], [94, 0.672548]]
[[1, 0.452169], [4, 0.35604], [7, 0.427325], [8, 0.363096], [75, 0.756654]]
[[1, 0.380402], [2, 0.681724], [3, 0.656178], [6, 0.389925], [8, 0.389658], [112, 0.551483]]
[[1, 0.443993], [2, 0.4059], [4, 0.357142], [5, 0.397033], [8, 0.39305], [11, 0.411691], [15, 0.389229], [67, 0.792035]]
[[1, 0.721481], [2, 0.718578], [3, 0.675109], [4, 0.852449]]
[[1, 0.734906], [2, 0.35657], [3, 0.418858], [7, 0.416836], [8, 0.384147]]
[[1, 0.411794], [2, 0.709676], [3, 0.697459], [8, 0.420702], [45, 0.654182], [94, 0.676583]]
[[1, 0.905845], [2, 0.725818], [3, 0.391765], [36, 0.691056]]
[[1, 0.485764], [2, 0.385862], [3, 0.367562], [4, 0.363425], [5, 0.352582], [6, 0.381502], [7, 0.454895], [14, 0.389089], [18, 0.356043], [33, 0.697566]]
[[1, 0.469302], [2, 0.749855], [3, 0.665088], [4, 0.391026], [7, 0.442451]]
[[2, 0.712494], [3, 0.729917], [11, 0.634773], [56, 0.579326], [73, 0.808864]]
[[1, 0.371248], [2, 0.759882], [3, 0.354079], [4, 0.357127], [5, 0.36251], [7, 0.429727], [21, 0.353402]]
[[1, 0.434863], [2, 0.69899], [7, 0.452348], [48, 0.657884], [75, 0.765495]]
[[1, 0.449371], [2, 0.708808], [3, 0.706102], [4, 0.673921], [39, 0.622084], [77, 0.662241], [118, 0.593758]]
[[2, 0.877934], [3, 0.701748], [40, 0.584652], [43, 0.649746]]
[[1, 0.778784], [2, 0.396476], [6, 0.3567], [8, 0.421712]]
[[1, 0.9705], [2, 0.951697], [3, 0.806012], [11, 0.61925], [42, 0.708133], [56, 0.645289]]
[[1, 0.941292], [2, 0.735777], [57, 0.690069]]
[[1, 0.393853], [2, 0.478316], [5, 0.333722], [6, 0.367537], [7, 0.403665], [8, 0.405178], [9, 0.332312], [11, 0.362564], [14, 0.35414], [21, 0.385425], [28, 0.351945], [37, 0.339754]]
[[1, 0.426843], [2, 0.772448], [3, 0.670296], [4, 0.385182], [6, 0.379359], [48, 0.690565]]
[[1, 0.910961], [2, 0.716339], [3, 0.704154], [11, 0.591499]]
[[1, 0.674733], [2, 0.825663], [3, 0.697794], [6, 0.407154], [8, 0.413087], [44, 0.651237]]
[[1, 0.91217], [2, 0.744447], [7, 0.402739], [41, 0.655325]]
[[2, 0.671305], [3, 0.703034], [7, 0.448575], [79, 0.678393], [92, 0.775088]]
[[1, 0.650457], [2, 0.706046], [7, 0.389286], [8, 0.38091], [14, 0.38221], [41, 0.640415]]
[[1, 0.396997], [2, 0.799387], [3, 0.410374], [7, 0.374349], [12, 0.362889]]
[[1, 0.431893], [2, 0.404495], [3, 0.627455], [6, 0.401677], [7, 0.444182], [14, 0.403722], [43, 0.627227], [70, 0.770719], [85, 0.724203]]
