0.214344041007
0.185025961994
0.169640051872
0.109967038892
0.0255747482472
0.0322341406288
0.0493753473309
0.0357748974229
0.0311081688259
0.0214642923258
0.0954643508283
0.0277027638916
0.0260573455843
0.0401148800333
0.0356620732325
0.0266657541473
0.0232256595005
0.02385211895
0.0139967442683
0.013700242812
0.0338995977089
0.0312285224711
0.0271294590978
0.0272074156576
0.018038263885
0.0178280895681
0.0106474404228
0.0275530502152
0.0313576788921
0.0335513153433
0.0313162795461
0.0248816902616
0.0801930118409
0.0161181088624
0.013389881279
0.0804164270083
0.0297623810107
0.0253526166302
0.0693560418796
0.0609265831075
0.0970906436075
0.0846593459381
0.0995051960707
0.0740097688308
0.102797200859
0.0175989213305
0.0280989640735
0.106180424588
0.0208440394283
0.0217183041267
0.0124013893351
0.0147612721501
0.027994430372
0.0202534364124
0.0186817934477
0.108249845443
0.083155945932
0.0211617119647
0.0143213956623
0.0123591454281
0.0232156712886
0.0219083148777
0.0209347515602
0.0174088968537
0.0191286845376
0.0208354440804
0.0998924110042
0.0182539594472
0.018505853181
0.0950385861619
0.0190615363984
0.0202105242976
0.103257933205
0.0194664485932
0.12963396104
0.0184640062417
0.0772189032265
0.0165149873295
0.0797471346822
0.0211617526706
0.0204041778854
0.0158597277314
0.0195262617444
0.0160574209753
0.0882564605151
0.0186400372502
0.0180119765243
0.0167840988717
0.0197100831906
0.0203329883702
0.0126438455562
0.0977366181134
0.0141483829316
0.110490742881
0.019699780642
0.0229849849362
0.0198149904899
0.0213138391746
0.0210224035517
0.0170569254161
0.0110695050579
0.0144343038288
0.0177152418799
0.0189212923045
0.015222350354
0.0213720278548
0.0167589657759
0.0247865852514
0.0216101988609
0.0174112378709
0.0155100130776
0.0593316889658
0.0172379724615
0.0161371257075
0.0183991242737
0.0187932039502
0.0252073294223
0.0670622352708
0.02121731372
0.0206955226123
0.0166625819051
0.0153306013545
0.0161322937685
0.0162343873999
0.0203322924363
0.0177997553862
0.0208005974973
0.0234599887885
0.0216305831983
0.0176124869569
0.0144955868229
0.0166445403159
0.0190032517668
0.0153138011077
0.0219550136035
0.0116787111365
0.0195671835072
0.0226522283986
0.0153056828155
0.0193797422336
0.0142039245397
0.0211988409532
0.0137147985808
0.0191595818133
0.0183933466027
0.0256438609682
0.0201534796939
0.0171000991029
0.0180056599189
0.0203794485606
0.0168074485313
0.0123171321807
0.0147904783378
0.0151868478962
0.0135341550342
0.0153282573585
0.0160936335279
0.0174890350619
0.019859623525
0.0150623828453
0.0149568065836
0.0199836712938
0.0112530388328
0.0119275609736
0.014611433282
0.0146648286657
0.0137276932699
0.0202966550182
0.0259922109547
0.0185166540072
0.0162335443277
0.0155119904762
0.0206892389621
0.012013716066
0.0153590159277
0.0147150972359
0.0138044660279
0.0160317938866
0.0168449658611
0.0131073506012
0.0192222251003
0.0172563120479
0.0172438775985
0.023241545883
0.0163553258055
0.0125417189203
0.0166793189504
0.0119712901354
0.0116379988013
0.0144291686241
0.0176485783501
0.0193232602687
0.013659584214
0.0121564743813
0.0189803718824
0.0182121373327
0.0180937380603
0.0249870341986
0.0108117345065
0.0200180425711
0.0175286315932
0.0183776528442
0.0199668752684
0.0159594076742
0.0128931164196
0.0115539114218
0.0259783072527
0.0151311366877
0.0203323556185
0.0153617512863
0.0229003060107
0.013844509349
0.0136228118318
0.016067602569
0.0159574751478
0.0214738350991
0.0131132830146
0.0114520816324
0.0206544516731
0.0160656998218
0.0168885379395
0.0172234868721
0.0186019704016
0.019025693023
0.0199255785791
0.0189893318689
0.0165567602671
0.0159471056407
0.0153349925341
0.0171020794383
0.0130363188085
0.0163095626136
0.0175498423279
0.015404718695
0.016524151985
0.0152874440317
0.015779962773
0.0160461392307
0.0135418541084
0.0184543120257
0.0111364335927
0.0142644419533
0.0148989850736
0.0185672085896
0.0167942174309
0.0133654281325
0.0205707090892
0.0200501435517
0.011251305659
0.0219965851866
0.0170425626809
0.0200787530333
0.0128489951864
0.0273586999746
0.01739548741
0.0180467425532
0.0192084661486
0.0172283615138
0.0182702922362
0.0178016700877
0.0111729349213
0.0170794305708
0.0193907682375
0.0154647601075
0.012688067556
0.0143768746528
0.0149542060468
0.0171510753119
0.0297085514778
0.0178767181857
0.0161805036911
0.0214477285723
0.0254751804099
0.0130701571495
0.0139029362546
0.0198961445521
0.00968727297535
0.014913997727
0.0121746672245
0.0144576168085
0.0176523874251
0.0192187807228
0.0192848281119
0.0197911518097
0.0149778534948
0.0179826805337
0.0119190371386
0.0154062366731
0.013584411245
0.0204778871851
0.0158912524123
0.0167478528444
0.0171272730418
0.0177220136966
0.0245560875915
0.0183632443864
0.0143215121045
0.0163837251922
0.0182195839947
0.0155877193052
0.0148751746857
0.0152616956648
0.0139451930968
0.0125806874803
0.0177329115059
0.0129864609613
0.0179325326887
0.0199610221117
0.0190268753424
0.0151098224639
0.0180524688043
0.0126190569555
0.0159003806092
0.0238784042829
0.0191749055186
0.0170067898587
0.0145636378553
0.0182789860089
0.0164258658425
0.0183222442157
0.0164040042594
0.015701109457
0.0179999144937
0.0131484372366
0.017634346575
0.0194327062713
0.0167110366175
0.0135026879828
0.0154761126673
0.0143557912215
0.0209265218873
0.0159789780018
0.0225577976651
0.0180419496118
0.0215616910198
0.0167315236756
0.0112892958999
0.0146228182198
0.0139271919049
0.0136529556426
0.0177769374767
0.0157715518635
0.0151509782646
0.0138538145327
0.0151450003545
0.0177875428922
0.0201181980837
0.0104686412042
0.0206738294304
0.0145113603899
0.00990447368931
0.0153094387964
0.0147589859035
0.0122364074573
0.0130102911128
0.0132690186125
0.0181272551452
0.0160040629502
0.0175679205378
0.0144690890968
0.0134145687552
0.017125408397
0.0180414134378
0.0173763348536
0.0140417851423
0.0241186674988
0.012056767765
0.0191849221785
0.0116442390506
0.013673992837
0.0124098010533
0.0133149282051
0.019105652612
0.0179662522884
0.0118239210618
0.0173715645178
0.021271118088
0.0147662814952
0.0164041573037
0.0191869673963
0.0123843400642
0.0202809681518
0.0177688355201
0.0194278482887
0.015764089075
0.0201776463311
0.0160514984807
0.0164616588866
0.0190526792867
0.0133572761274
0.0203398721135
0.0118460207628
0.0134540218465
0.0184340467821
0.0144328037617
0.0178628859733
0.016290101283
0.0229474358747
0.0133119050855
0.0170525823669
0.0131130583681
0.016953427997
0.0209433588287
0.014787799058
0.0167943142108
0.0166367064492
0.014680664913
0.0144327111247
0.0169831840002
0.0160679689037
0.0154102570714
0.0225177478557
0.0152792282429
0.0169895174656
0.0162350448485
0.0219310468529
0.0217762302972
0.0179171315462
0.0152588039639
0.0179501603318
0.012805028117
0.0154231880227
0.016016973706
0.0166250874919
0.0187901445475
0.0161492524136
0.0134717441051
0.0136189846169
0.0132219598282
0.017108970108
0.0155012962248
0.0199413833213
0.0160073912291
0.0145124508989
0.0211138714964
0.0112950901536
0.0182881144038
0.0180791165942
0.017355503046
0.016169664619
0.0169344902482
0.014975417963
0.0131550803513
0.00794769695425
0.0209969960608
0.016373411005
0.0189507836074
0.01281949345
0.0108997725968
0.0205475268612
0.0161767757343
0.0131648342042
0.0209259640278
0.0211792326805
0.0143536175862
0.0208220757901
0.0149362845396
0.0107340090707
0.0145130410848
0.0203579105905
0.0154965345689
0.0141353657785
0.015304184351
0.0103954696644
0.0139919109
0.0155125427412
0.0155913389579
0.0184018451921
0.0160661806848
0.0179829175201
0.0176870093269
0.0158621818439
0.0153642092463
0.0164235774862
0.0160357824171
0.0199015871687
0.0169407938424
0.0118983264865
0.0139444018055
0.0204079620377
0.0176262222564
0.0149815502009
0.0171732103277
0.0163228186598
0.0127042497889
0.0160102829755
0.0121532757936
0.0163528309225
0.021383618102
0.0193212239636
0.0136577745405
0.0156623132411
0.0157314396451
0.0171131212426
0.0240702989508
0.0219740025071
0.00924653362323
0.0141461916711
0.0174600441537
0.0123840772384
