0.576948366667
0.6507
0.525680066667
0.373621266667
0.3346336
0.3476883
0.3911255
0.365173666667
0.323882366667
0.308188133333
0.3477153
0.301924033333
0.296883033333
0.330345666667
0.3164456
0.292049766667
0.282243366667
0.281698833333
0.271578233333
0.2715056
0.307619666667
0.296506266667
0.293150833333
0.277304966667
0.2723545
0.272914133333
0.2618649
0.2832438
0.303329966667
0.290256933333
0.2805557
0.274250833333
0.283988233333
0.260411366667
0.25682
0.285847233333
0.2788582
0.263385
0.285133166667
0.2736959
0.2924765
0.267797933333
0.27392
0.279410266667
0.300963666667
0.254418933333
0.258939833333
0.284331866667
0.259513666667
0.249323166667
0.2440874
0.251381333333
0.2665855
0.253062766667
0.2466719
0.286421666667
0.264933133333
0.2519097
0.244913866667
0.241089566667
0.248145566667
0.255108866667
0.248724333333
0.245075733333
0.243590166667
0.2485982
0.2636132
0.240201033333
0.2430721
0.269591533333
0.247026
0.247314133333
0.2625833
0.244456366667
0.280199333333
0.2417102
0.257284966667
0.2359438
0.260420666667
0.2480009
0.250418433333
0.239475466667
0.245226433333
0.238820433333
0.257590066667
0.239575666667
0.245129766667
0.235992
0.243758766667
0.242403266667
0.2402335
0.2544424
0.236496433333
0.265585366667
0.2362177
0.243069466667
0.238544533333
0.2413618
0.2420851
0.240435533333
0.2328872
0.237169666667
0.236379933333
0.239829833333
0.234791966667
0.2365818
0.2353043
0.2397341
0.241172166667
0.237936266667
0.232147
0.238345266667
0.234632466667
0.234295366667
0.2346094
0.234320133333
0.240799166667
0.2476585
0.2436402
0.234117933333
0.2349887
0.2314719
0.233755366667
0.229634533333
0.2353825
0.2336543
0.240252766667
0.2381911
0.236892633333
0.233242166667
0.233359833333
0.233389933333
0.232799433333
0.227669366667
0.231434933333
0.2301303
0.231898833333
0.236164666667
0.231805466667
0.2329664
0.232152266667
0.2318662
0.227239433333
0.228588066667
0.228800866667
0.2350949
0.2331624
0.230592733333
0.2313135
0.231398366667
0.232049
0.2283911
0.228381733333
0.229344666667
0.2281911
0.233148466667
0.230028733333
0.231014933333
0.235486333333
0.229457766667
0.227958766667
0.234102566667
0.2294064
0.227439566667
0.229362333333
0.227486266667
0.226896566667
0.228302066667
0.232749233333
0.231210333333
0.2268426
0.227559
0.231932033333
0.223331533333
0.224342
0.224229933333
0.2280435
0.225856666667
0.231263066667
0.225045533333
0.232469833333
0.2287008
0.227809033333
0.230554366667
0.228850833333
0.2274277
0.229372533333
0.2265106
0.227224366667
0.225716866667
0.227983233333
0.2303417
0.228465966667
0.222970133333
0.228171733333
0.2293071
0.228226066667
0.2317076
0.2221994
0.228859433333
0.226802066667
0.228635933333
0.2290595
0.229110433333
0.2240907
0.2220623
0.229844466667
0.225993266667
0.226979266667
0.226729533333
0.2277855
0.228406133333
0.223237166667
0.227964133333
0.2266738
0.230258733333
0.223490333333
0.220287533333
0.2304445
0.226904966667
0.224883
0.225479366667
0.2302889
0.230132166667
0.224435566667
0.2301338
0.2277957
0.226273466667
0.222797333333
0.225022233333
0.2224153
0.227940766667
0.227844
0.224493166667
0.226901666667
0.2226161
0.2223945
0.2298953
0.2236328
0.2252053
0.223107633333
0.2232454
0.2237631
0.2249987
0.226665866667
0.220979633333
0.226286033333
0.228248566667
0.223530366667
0.228961833333
0.228612
0.2241876
0.221503366667
0.226839966667
0.223685633333
0.225391866667
0.228587466667
0.2244385
0.223248266667
0.223194233333
0.221101666667
0.2248599
0.2217234
0.2226555
0.2223126
0.2194365
0.223014666667
0.220010666667
0.2327126
0.2292319
0.221910366667
0.224976766667
0.222962866667
0.219806566667
0.224131966667
0.2236746
0.218974033333
0.217231
0.2209598
0.220100466667
0.224997166667
0.222920166667
0.2249186
0.229428666667
0.221153566667
0.227617433333
0.219430233333
0.2257478
0.225516833333
0.222659966667
0.221636033333
0.222127366667
0.223953866667
0.222377933333
0.230895
0.225683933333
0.2195672
0.2269726
0.227780833333
0.223325166667
0.223464933333
0.220501633333
0.2220586
0.2203847
0.2220043
0.218403966667
0.225020966667
0.2261683
0.2258342
0.2203071
0.223446266667
0.225403233333
0.2238155
0.230448633333
0.221824433333
0.222920366667
0.224011566667
0.224522566667
0.2197887
0.221572633333
0.2239603
0.221304533333
0.224982466667
0.219540633333
0.220061266667
0.2242408
0.220953033333
0.2222008
0.2192129
0.220103066667
0.225634966667
0.223183133333
0.224441966667
0.220949266667
0.228277366667
0.2232026
0.218139133333
0.216684666667
0.220252666667
0.217760766667
0.2239875
0.2198795
0.2190154
0.2206676
0.219491833333
0.2196567
0.223389
0.216473933333
0.226129866667
0.223128966667
0.221537733333
0.217522933333
0.220860966667
0.221021066667
0.2179946
0.219650166667
0.220945633333
0.221238133333
0.221851333333
0.2236251
0.219021666667
0.221323633333
0.224068633333
0.2226317
0.2190135
0.2201725
0.219603833333
0.224097733333
0.218413
0.2233476
0.216209133333
0.2167796
0.223237733333
0.2190771
0.2166347
0.222275266667
0.224949133333
0.218849933333
0.219241566667
0.219969
0.2192058
0.2222234
0.218689166667
0.220016266667
0.220638633333
0.223455933333
0.2217933
0.218634366667
0.219864
0.2168053
0.222190066667
0.218991233333
0.216896766667
0.217273633333
0.2188759
0.2199732
0.2222977
0.2227669
0.217705833333
0.218641566667
0.217900633333
0.218554466667
0.2214772
0.220595566667
0.2180437
0.2204967
0.217842333333
0.2157413
0.2205335
0.218461333333
0.216921166667
0.2187082
0.218045633333
0.219714133333
0.220020366667
0.222368066667
0.218780666667
0.219429766667
0.2171797
0.221397166667
0.2177277
0.216448133333
0.221098366667
0.223049766667
0.218772533333
0.2198205
0.217354966667
0.217122933333
0.218701633333
0.218095333333
0.220213533333
0.224043966667
0.2191818
0.2154528
0.219625366667
0.212096433333
0.220070566667
0.2216832
0.219264766667
0.2209551
0.219128366667
0.215077633333
0.219029533333
0.2131033
0.225088433333
0.220460833333
0.220373
0.217282866667
0.216415266667
0.221582766667
0.2174069
0.2173999
0.2205552
0.224425
0.2142203
0.2193893
0.217214533333
0.215820266667
0.214412266667
0.2228193
0.222885233333
0.2168918
0.218649866667
0.2131937
0.217355966667
0.218295633333
0.217716633333
0.220119833333
0.220321066667
0.221396
0.219994933333
0.218167533333
0.217578033333
0.217276566667
0.221702066667
0.224434366667
0.2178263
0.215400433333
0.217054566667
0.221988
0.217484966667
0.2166881
0.2159058
0.21758
0.218197633333
0.217467666667
0.214314133333
0.218011433333
0.220884
0.2208785
0.21849
0.220231266667
0.2156404
0.218762933333
0.222535433333
0.2181405
0.212403233333
0.218626933333
0.217703133333
0.216566433333
