[0.140732, 0.619504, 0.811317, 117.150581, 0.015692, 0.072019, 0.074511, 0.185513]
[0.139576, 0.120837, 0.853991, 115.86886199999984, 0.016449, 0.067251, 0.107715, 0.199683]
[0.148215, 0.197518, 0.376974, 116.07412399999998, 0.022041, 0.080822, 0.085124, 0.202055]
[0.147224, 0.561672, 0.335719, 117.27163500000002, 0.017659, 0.075271, 0.068699, 0.179571]
[0.124099, 0.118455, 0.452189, 117.53907500000004, 0.023542, 0.066734, 0.069502, 0.184174]
[0.128513, 0.498788, 0.403083, 120.31287999999992, 0.015417, 0.074011, 0.078448, 0.181003]
[0.136412, 0.507924, 0.839178, 117.07205399999991, 0.016289, 0.084708, 0.072174, 0.18599]
[0.713158, 0.145947, 0.807978, 119.67068900000007, 0.047348, 0.090664, 0.086931, 0.214985]
[0.630584, 0.515848, 0.838697, 113.98050500000016, 0.01605, 0.068451, 0.07208, 0.180402]
[0.119645, 0.12423, 0.821496, 118.025739, 0.01748, 0.066623, 0.069615, 0.180228]
[0.124647, 0.578997, 0.976227, 118.697419, 0.021169, 0.0797, 0.095237, 0.19482]
[0.12626, 0.518476, 0.394922, 117.10468399999992, 0.014818, 0.068195, 0.079194, 0.200346]
[0.125583, 0.141193, 0.860804, 116.33631900000002, 0.015584, 0.06955, 0.071504, 0.182024]
[0.143863, 0.125876, 0.338901, 116.20197100000004, 0.01488, 0.075536, 0.070888, 0.189958]
[0.12366, 0.612111, 0.80781, 118.439613, 0.017078, 0.131778, 0.091399, 0.212401]
[0.131743, 0.145286, 0.742243, 120.00193300000004, 0.015758, 0.075026, 0.069715, 0.188328]
[0.171881, 0.11967, 0.393209, 118.94450500000019, 0.016926, 0.068084, 0.064877, 0.185066]
[0.127603, 0.644735, 0.423531, 118.44875899999988, 0.017531, 0.069596, 0.067523, 0.182266]
[0.128284, 0.155629, 0.336132, 116.4382890000001, 0.016359, 0.068104, 0.080514, 0.176222]
[0.130988, 0.134859, 0.3634, 116.56037000000006, 0.015756, 0.067063, 0.071812, 0.175486]
[0.147406, 0.126614, 0.810489, 119.24212699999998, 0.024901, 0.082577, 0.082886, 0.198086]
[0.126202, 0.115804, 0.846532, 117.59997999999999, 0.015437, 0.070198, 0.077319, 0.186059]
[0.136643, 0.140584, 0.333178, 116.93264499999998, 0.01564, 0.067801, 0.070202, 0.181513]
[0.126896, 0.116105, 0.397182, 115.4048860000001, 0.014593, 0.080359, 0.068764, 0.16459]
[0.120775, 0.141701, 0.742466, 118.247246, 0.016164, 0.073483, 0.072523, 0.178464]
[0.141866, 0.494559, 0.889073, 116.43955699999991, 0.01633, 0.065563, 0.081523, 0.17667]
[0.156219, 0.662047, 0.472904, 124.12360699999996, 0.013965, 0.067226, 0.074514, 0.17933]
[0.127934, 0.123375, 0.484107, 118.61375900000003, 0.01799, 0.068713, 0.070128, 0.184747]
[0.125327, 0.172198, 0.757305, 114.68968700000016, 0.016873, 0.087263, 0.081316, 0.221367]
[0.136311, 0.115955, 0.342316, 116.9790569999999, 0.015115, 0.067902, 0.070359, 0.213518]
