[0.234301162, 0.033206135343092184, [(8, 0.432094), (3, 0.413694), (6, 0.405793), (7, 0.402642), (1, 0.396134), (0, 0.395328), (2, 0.386879), (15, 0.38481), (4, 0.367352), (253, 0.35267)]]
[0.23173772399999967, 0.0366025769809699, [(44, 0.681956), (6, 0.497878), (0, 0.416647), (10, 0.380454), (13, 0.379034), (3, 0.376924), (20, 0.349946), (2, 0.346807), (5, 0.338054), (1, 0.334305)]]
[0.23214824799999997, 0.05379682476996661, [(0, 0.896816), (1, 0.87766), (2, 0.674694), (7, 0.389174), (3, 0.370808), (6, 0.364551), (29, 0.349754), (21, 0.326027), (14, 0.32347), (10, 0.319914)]]
[0.23454327000000003, 0.057821297840649474, [(1, 0.888548), (0, 0.78175), (93, 0.672548), (2, 0.655848), (55, 0.586516), (6, 0.451897), (28, 0.37337), (3, 0.365653), (13, 0.361938), (5, 0.342891)]]
[0.23507815000000007, 0.03811897609552886, [(74, 0.756654), (0, 0.452169), (6, 0.427325), (7, 0.363096), (3, 0.35604), (13, 0.345817), (4, 0.34049), (36, 0.338752), (20, 0.335686), (10, 0.335654)]]
[0.24062575999999986, 0.04177809997755282, [(1, 0.681724), (2, 0.656178), (111, 0.551483), (5, 0.389925), (7, 0.389658), (0, 0.380402), (6, 0.365094), (3, 0.359611), (29, 0.357649), (11, 0.352317)]]
[0.23414410799999982, 0.0398371960404386, [(66, 0.792035), (0, 0.443993), (10, 0.411691), (1, 0.4059), (4, 0.397033), (7, 0.39305), (14, 0.389229), (3, 0.357142), (5, 0.346512), (22, 0.336667)]]
[0.23934137800000013, 0.05233759854914167, [(3, 0.852449), (0, 0.721481), (1, 0.718578), (2, 0.675109), (7, 0.384104), (6, 0.381256), (14, 0.36094), (16, 0.34256), (22, 0.339499), (4, 0.334208)]]
[0.22796101000000032, 0.03659082587805176, [(0, 0.734906), (2, 0.418858), (6, 0.416836), (7, 0.384147), (1, 0.35657), (43, 0.336833), (10, 0.32564), (8, 0.324192), (20, 0.323039), (168, 0.316688)]]
[0.236051478, 0.05083365511884343, [(1, 0.709676), (2, 0.697459), (93, 0.676583), (44, 0.654182), (7, 0.420702), (0, 0.411794), (6, 0.387628), (30, 0.370627), (4, 0.368638), (12, 0.364566)]]
[0.237394838, 0.05141307296577158, [(0, 0.905845), (1, 0.725818), (35, 0.691056), (2, 0.391765), (7, 0.38265), (8, 0.382332), (9, 0.343268), (3, 0.3432), (49, 0.342119), (31, 0.3375)]]
[0.23420936799999983, 0.03916806066820994, [(32, 0.697566), (0, 0.485764), (6, 0.454895), (13, 0.389089), (1, 0.385862), (5, 0.381502), (2, 0.367562), (3, 0.363425), (17, 0.356043), (4, 0.352582)]]
[0.23267263800000004, 0.04262867432120023, [(1, 0.749855), (2, 0.665088), (0, 0.469302), (6, 0.442451), (3, 0.391026), (13, 0.350495), (4, 0.340894), (43, 0.328475), (8, 0.325458), (20, 0.323521)]]
[0.23240394200000009, 0.05587311205693342, [(72, 0.808864), (2, 0.729917), (1, 0.712494), (10, 0.634773), (55, 0.579326), (7, 0.383195), (5, 0.376431), (6, 0.369942), (0, 0.365391), (3, 0.35307)]]
[0.236879226, 0.03754609311327777, [(1, 0.759882), (6, 0.429727), (0, 0.371248), (4, 0.36251), (3, 0.357127), (2, 0.354079), (20, 0.353402), (12, 0.342879), (5, 0.342375), (16, 0.341822)]]
[0.24000386600000007, 0.04861388198101489, [(74, 0.765495), (1, 0.69899), (47, 0.657884), (6, 0.452348), (0, 0.434863), (2, 0.371724), (9, 0.362763), (28, 0.359964), (13, 0.355557), (3, 0.353765)]]
[0.23788901000000037, 0.05580140925695246, [(1, 0.708808), (2, 0.706102), (3, 0.673921), (76, 0.662241), (38, 0.622084), (117, 0.593758), (0, 0.449371), (13, 0.403601), (5, 0.380153), (10, 0.373857)]]
[0.23689751799999975, 0.05115321923048121, [(1, 0.877934), (2, 0.701748), (42, 0.649746), (39, 0.584652), (5, 0.385868), (7, 0.382822), (6, 0.373589), (11, 0.350579), (21, 0.345374), (29, 0.345146)]]
[0.2328765780000002, 0.03911786721266784, [(0, 0.778784), (7, 0.421712), (1, 0.396476), (5, 0.3567), (3, 0.349094), (272, 0.34367), (38, 0.34018), (2, 0.33702), (365, 0.333548), (14, 0.332526)]]
[0.23312074000000013, 0.06797684131164382, [(0, 0.9705), (1, 0.951697), (2, 0.806012), (41, 0.708133), (55, 0.645289), (10, 0.61925), (7, 0.390541), (14, 0.366949), (11, 0.363833), (32, 0.336673)]]
[0.23848425399999995, 0.05138832586591516, [(0, 0.941292), (1, 0.735777), (56, 0.690069), (7, 0.387464), (14, 0.38731), (6, 0.377343), (2, 0.369842), (4, 0.366812), (9, 0.359138), (3, 0.340739)]]
[0.23519995999999999, 0.03209040958626735, [(1, 0.478316), (7, 0.405178), (6, 0.403665), (0, 0.393853), (20, 0.385425), (5, 0.367537), (10, 0.362564), (13, 0.35414), (27, 0.351945), (36, 0.339754)]]
[0.23386528999999995, 0.04693485801425099, [(1, 0.772448), (47, 0.690565), (2, 0.670296), (0, 0.426843), (3, 0.385182), (5, 0.379359), (6, 0.371699), (7, 0.361988), (13, 0.349666), (20, 0.33096)]]
[0.23080977200000022, 0.05327669997768271, [(0, 0.910961), (1, 0.716339), (2, 0.704154), (10, 0.591499), (6, 0.380935), (20, 0.364918), (5, 0.364603), (13, 0.349409), (8, 0.336081), (7, 0.333131)]]
[0.236494492, 0.05115796066343869, [(1, 0.825663), (2, 0.697794), (0, 0.674733), (43, 0.651237), (7, 0.413087), (5, 0.407154), (4, 0.36564), (31, 0.351563), (8, 0.34541), (23, 0.342181)]]
[0.2328791139999998, 0.05143806622462592, [(0, 0.91217), (1, 0.744447), (40, 0.655325), (6, 0.402739), (28, 0.381849), (13, 0.367869), (5, 0.355111), (10, 0.353992), (8, 0.344803), (20, 0.33852)]]
[0.24824721399999994, 0.05018713813570374, [(91, 0.775088), (2, 0.703034), (78, 0.678393), (1, 0.671305), (6, 0.448575), (21, 0.38803), (5, 0.386726), (0, 0.363857), (13, 0.359798), (56, 0.358764)]]
[0.23722751800000005, 0.043883251289001786, [(1, 0.706046), (0, 0.650457), (40, 0.640415), (6, 0.389286), (13, 0.38221), (7, 0.38091), (2, 0.368009), (10, 0.367177), (8, 0.360852), (4, 0.354061)]]
[0.22937937400000033, 0.03894408531007144, [(1, 0.799387), (2, 0.410374), (0, 0.396997), (6, 0.374349), (11, 0.362889), (7, 0.345427), (5, 0.338828), (14, 0.335778), (8, 0.334852), (29, 0.330567)]]
[0.2339581139999998, 0.051491699336310565, [(69, 0.770719), (84, 0.724203), (2, 0.627455), (42, 0.627227), (6, 0.444182), (0, 0.431893), (1, 0.404495), (13, 0.403722), (5, 0.401677), (4, 0.360993)]]
