[]
[]
[]
[]
[]
[]
[]
[]
[]
[]
[]
[]
[]
[]
[]
[]
[]
[]
[]
[]
[[2, 0.30811], [5, 0.34073], [7, 0.290189], [13, 0.291145], [16, 0.338174], [27, 0.311739], [52, 0.302578], [66, 0.288244]]
[[21, 0.308978], [23, 0.575635]]
[[1, 0.282443], [5, 0.275571], [6, 0.296036], [11, 0.313052], [13, 0.300898], [16, 0.312795], [38, 0.269514], [114, 0.269975], [143, 0.275876], [170, 0.273318], [214, 0.279872]]
[[1, 0.631049], [6, 0.301646], [186, 0.287887], [268, 0.282608]]
[[6, 0.330345], [11, 0.272785], [16, 0.273132], [17, 0.281954], [27, 0.282952], [39, 0.280756], [63, 0.275676], [90, 0.269365], [161, 0.268068]]
[[4, 0.259305], [6, 0.329001], [27, 0.271963], [33, 0.296659], [41, 0.258107], [63, 0.259156], [130, 0.261585]]
[[3, 0.330539], [5, 0.351685], [26, 0.792907]]
[[1, 0.273065], [6, 0.301378], [17, 0.274585], [36, 0.306265], [40, 0.268934], [48, 0.26107], [67, 0.267664], [130, 0.268411]]
[[6, 0.292739], [11, 0.270744], [16, 0.301078], [27, 0.296723], [63, 0.264182], [102, 0.262338], [173, 0.274431]]
[[6, 0.438163], [35, 0.853769]]
