[0.099354, 0.110543, 0.267589, 96.74104199999991, 0.015852, 0.052182, 0.052142, 0.154412]
[0.102019, 0.126905, 0.246005, 103.10498199999992, 0.015892, 0.054028, 0.063907, 0.173661]
[0.121202, 0.092289, 0.291377, 96.04797600000008, 0.014317, 0.046706, 0.052482, 0.148401]
[0.109169, 0.104228, 0.248436, 96.3842099999999, 0.014731, 0.046201, 0.059022, 0.158526]
[0.10974, 0.590526, 0.256974, 112.42052700000005, 0.015363, 0.055986, 0.062084, 0.191272]
[0.103548, 0.113267, 0.264734, 115.03647400000007, 0.015733, 0.05738, 0.061868, 0.187281]
[0.109536, 0.112186, 0.288, 109.69938699999992, 0.015156, 0.061058, 0.059659, 0.179762]
[0.116064, 0.098944, 0.267984, 111.28506100000007, 0.018511, 0.059981, 0.07081, 0.195742]
[0.097811, 0.10288, 0.238965, 95.84949599999987, 0.01432, 0.048754, 0.050909, 0.147654]
[0.105728, 0.100483, 0.260335, 115.531645, 0.016274, 0.060995, 0.06269, 0.194155]
[0.107965, 0.099882, 0.2924, 98.660148, 0.014978, 0.045872, 0.059996, 0.176403]
[0.107149, 0.103381, 0.2678, 94.20776099999998, 0.01574, 0.051089, 0.058568, 0.155855]
[0.107155, 0.106262, 0.258603, 94.59095499999987, 0.015941, 0.06143, 0.053864, 0.155981]
[0.090948, 0.100887, 0.256809, 110.52643299999998, 0.016369, 0.054744, 0.061347, 0.187799]
[0.104373, 0.121043, 0.241602, 95.2243749999999, 0.015695, 0.047117, 0.055992, 0.155093]
[0.115322, 0.123791, 0.23732, 92.96881499999995, 0.01487, 0.046268, 0.050284, 0.14368]
[0.102672, 0.1055, 0.255914, 94.33635900000004, 0.015354, 0.049984, 0.049969, 0.166389]
[0.104683, 0.106155, 0.243639, 109.9004699999999, 0.014478, 0.059592, 0.074144, 0.174748]
[0.092665, 0.121362, 0.267214, 116.02237600000002, 0.015523, 0.061075, 0.063129, 0.185679]
[0.111481, 0.141303, 0.228874, 94.51919899999994, 0.015424, 0.047383, 0.057605, 0.158402]
[0.100897, 0.107341, 0.278215, 112.798177, 0.015864, 0.061373, 0.065138, 0.181479]
[0.099968, 0.113357, 0.249131, 93.41069300000008, 0.014719, 0.046819, 0.057031, 0.145353]
[0.101016, 0.098248, 0.251568, 95.92612399999992, 0.022746, 0.055787, 0.052726, 0.16102]
[0.106615, 0.124496, 0.231247, 94.64431000000006, 0.018473, 0.051527, 0.051937, 0.155701]
[0.100482, 0.109949, 0.279667, 96.669561, 0.015299, 0.049442, 0.051667, 0.163696]
[0.097, 0.121222, 0.241437, 93.27954800000006, 0.016371, 0.05357, 0.053157, 0.144717]
[0.103686, 0.109065, 0.302075, 111.95927099999992, 0.015052, 0.064693, 0.058451, 0.17286]
[0.103862, 0.190101, 0.226829, 94.082463, 0.016095, 0.051713, 0.051862, 0.147174]
[0.109585, 0.123996, 0.278807, 93.53703599999997, 0.014479, 0.051443, 0.052708, 0.1539]
[0.104912, 0.105885, 0.29303, 96.14770000000004, 0.014497, 0.045706, 0.050558, 0.146366]
