[0.1161043, 0.1147779479999999, 0.11601692400000005, 0.11658943800000005, 0.11540489400000004, 0.11303440200000002, 0.1199315560000001, 0.11461382400000002, 0.11087387400000004, 0.11365324800000001, 0.10892753000000002, 0.11401051600000006, 0.11370677800000002, 0.11635792199999997, 0.11332290199999999, 0.11245422000000001, 0.11332018000000009, 0.11357721799999997, 0.11329469000000002, 0.11090895999999993, 0.11265952200000001, 0.11535535599999999, 0.1199955180000001, 0.11691244999999999, 0.11303417800000003, 0.11408670399999997, 0.11847021799999995, 0.11610537399999998, 0.11717693800000005, 0.11346838199999998]
[0.166651, 0.17410596666666664, 0.1558617, 0.1571015666666667, 0.1780862666666667, 0.16845246666666663, 0.1582842, 0.16418216666666666, 0.15581493333333332, 0.15053936666666667, 0.15086690000000003, 0.14969196666666665, 0.1656455666666667, 0.15903720000000005, 0.1670267, 0.15439269999999997, 0.1650624666666667, 0.1637068, 0.1555551, 0.16448100000000002, 0.16496319999999998, 0.1562934, 0.16000946666666668, 0.1709843, 0.16430200000000006, 0.15058989999999997, 0.1617892333333333, 0.1668239333333333, 0.1679254666666667, 0.1643144]
[0.11287791489361697, 0.11099105319148936, 0.11347364042553203, 0.11400355744680851, 0.111403955319149, 0.10949707872340428, 0.11748351489361715, 0.11144988723404263, 0.10800529574468092, 0.11129881489361704, 0.10625054893617025, 0.11173297659574472, 0.11039153617021276, 0.11363371276595738, 0.10989499999999998, 0.10977729574468081, 0.11001748085106386, 0.11037745744680852, 0.11059721702127662, 0.10748946808510633, 0.10932098936170213, 0.1127422893617021, 0.11744143617021284, 0.11346105531914895, 0.1097617638297872, 0.11175671276595733, 0.11570517446808506, 0.11286801914893621, 0.11393767021276599, 0.1102228914893617]
[0.02924183125137686, 0.03250596547049938, 0.027830973656669342, 0.02913813981025824, 0.03166552807244441, 0.027411534297014362, 0.020355758133827007, 0.02934242095262463, 0.02334616034841969, 0.024412076189265344, 0.021672571158519695, 0.020568404218746384, 0.02797920004604699, 0.029585867827527316, 0.03010353898584676, 0.022255324386573207, 0.02650645223691018, 0.026495728512016356, 0.023580179308094737, 0.03290639099260811, 0.02848578159499079, 0.020672140425637205, 0.02925595148679455, 0.028821277574866435, 0.028256506074359533, 0.025434154546915524, 0.031093663947024255, 0.027688588303236485, 0.028763022827967107, 0.03153595124755359]
[0.10213501919713924, 0.11201610354423253, 0.08171073907475891, 0.07791806523594012, 0.10695055451124233, 0.09197037887738034, 0.0650784737755888, 0.10032723019568958, 0.0775599819060205, 0.06258975003437509, 0.07202678467734533, 0.06934349538564442, 0.0962481200587604, 0.08105772006473741, 0.10466975456840434, 0.0743330142238965, 0.08847298964419717, 0.08858425667329381, 0.07965350862971032, 0.11875587010670252, 0.09712848749342284, 0.06514858288691576, 0.07720783577881773, 0.09865325917141984, 0.09687408275660386, 0.06669294955108324, 0.08132312573705927, 0.09419292610132084, 0.09943652570349702, 0.11261208725520246]
[0.008386149047317291, 0.009173990644655933, 0.017030255852592133, 0.020106053193215265, 0.008354898742661774, 0.007134540419391444, 0.00840184726489027, 0.010325210751856963, 0.0076626484119314475, 0.017074771620970187, 0.007007441230634529, 0.007528818468058862, 0.007636972884604284, 0.01970082223557998, 0.008301900039890894, 0.0074025232178804076, 0.00812499494302005, 0.008678092895778639, 0.008078580553625274, 0.007541658025420253, 0.008677779890966183, 0.008360449038211114, 0.020526288381341892, 0.007995664574266098, 0.00847934372119069, 0.017714254376620657, 0.02188533774488891, 0.008637222051300008, 0.008608880212585409, 0.008543195650473422]
0.11460486546666668
0.16175137777777782
0.11159551361702132
0.027230369462821154
0.08802238909401343
0.010769352869527345
