0.511702466667
0.1517797
0.1894031
0.151596466667
0.164523466667
0.299505366667
0.162472933333
0.162022266667
0.141079666667
0.141957533333
0.140396333333
0.1482193
0.1441512
0.140348833333
0.144385566667
0.131508033333
0.1397363
0.130771566667
0.139534933333
0.126425766667
0.127524966667
0.1353026
0.140346333333
0.1425614
0.125970666667
0.181113533333
0.146737433333
0.127772466667
0.139679966667
0.124011166667
0.1225564
0.122022933333
0.122897833333
0.124226766667
0.121035933333
0.126071766667
0.1198917
0.135582533333
0.1202925
0.1311461
0.1207434
0.119159933333
0.123615966667
0.120245466667
0.1194788
0.1205296
0.1221218
0.126960233333
0.120390666667
0.1195216
0.118890766667
0.1191093
0.1185354
0.119174266667
0.119778566667
0.121138866667
0.1183621
0.120235366667
0.1308114
0.127929733333
0.1377136
0.122603566667
0.118143
0.120062366667
0.1197151
0.117586966667
0.1176302
0.120645466667
0.119960433333
0.120929766667
0.115679233333
0.1164346
0.115610866667
0.117822033333
0.1181365
0.115597533333
0.116948066667
0.117063433333
0.119593433333
0.116115333333
0.117612433333
0.117434866667
0.1209118
0.118397433333
0.1179335
0.1177863
0.1179554
0.116458533333
0.117554066667
0.117680266667
0.115508066667
0.116048133333
0.1186884
0.1209582
0.124527
0.119152466667
0.118107466667
0.1161641
0.1166957
0.118031433333
0.1219956
0.1143619
0.113299766667
0.113753266667
0.114916366667
0.1150485
0.1167056
0.116293466667
0.113582833333
0.113202433333
0.115144733333
0.116882266667
0.1130742
0.1102848
0.1230049
0.113628666667
0.1158221
0.115260666667
0.113313766667
0.1127965
0.112340033333
0.1130389
0.114318066667
0.1140534
0.114553366667
0.112959766667
0.118505266667
0.1170985
0.113786133333
0.115989166667
0.113414166667
0.1132146
0.113493166667
0.114621766667
0.116412333333
0.113533933333
0.114769066667
0.1177057
0.118088866667
0.1229172
0.1199602
0.116701066667
0.114834833333
0.114992633333
0.1156086
0.113953533333
0.1165535
0.114116566667
0.113440933333
0.113698166667
0.114406233333
0.1146939
0.112602366667
0.112550333333
0.112716333333
0.111983833333
0.111566866667
0.113512466667
0.112151233333
0.1121451
0.117431033333
0.112250333333
0.112943066667
0.112602133333
0.112926733333
0.113865166667
0.114250966667
0.111699333333
0.111337566667
0.111607466667
0.110999733333
0.111457566667
0.113302
0.111808166667
0.112603066667
0.113297733333
0.111036933333
0.111949533333
0.113801533333
0.111995266667
0.114778433333
0.1141108
0.115095333333
0.114246033333
0.114153733333
0.1148803
0.1133927
0.114603233333
0.1120242
0.111817
0.1126013
0.111838
0.110976166667
0.109851366667
0.112198166667
0.1099342
0.1102568
0.111461066667
0.112055633333
0.1101687
0.111599666667
0.1094784
0.109229133333
0.112309
0.112112566667
0.1094952
0.111153566667
0.111665
0.111377233333
0.109861966667
0.1118359
0.110882066667
0.110602266667
0.1089044
0.111719866667
0.1095358
0.113540166667
0.111713633333
0.111101333333
0.110954233333
0.1107401
0.109770633333
0.1101133
0.109071033333
0.110622533333
0.113217666667
0.1124146
0.1092191
0.108943766667
0.112594733333
0.121646133333
0.1097071
0.110820033333
0.110218433333
0.1108825
0.1151535
0.1124496
0.110216166667
0.1122606
0.111926266667
0.1122816
0.113121766667
0.123059566667
0.114179533333
0.109140833333
0.111716133333
0.112173933333
0.111493466667
0.1141931
0.112411033333
0.111263333333
0.113251133333
0.110426633333
0.110077833333
0.1104526
0.1101156
0.1101203
0.1098749
0.109491833333
0.108763333333
0.110874766667
0.109782066667
0.108462433333
0.109097933333
0.10914
0.1093583
0.1103577
0.112592833333
0.1221024
0.110428566667
0.107684033333
0.110411133333
0.111565733333
0.110669966667
0.1106078
0.108763666667
0.109496733333
0.110867766667
0.108804733333
0.108596233333
0.1088885
0.109429966667
0.109395233333
0.109242866667
0.1076604
0.108152366667
0.107894366667
0.109599833333
0.1077335
0.107755533333
0.108120333333
0.109441366667
0.109500066667
0.111727133333
0.109099
0.111155033333
0.109499266667
0.111824066667
0.112609066667
0.1103838
0.108953533333
0.1089292
0.110508033333
0.109975866667
0.109734
0.110428233333
0.108538566667
0.1122114
0.110335766667
0.110115033333
0.109225266667
0.111087166667
0.110969733333
0.120217433333
0.108683466667
0.111184566667
0.110975266667
0.109729533333
0.108333233333
0.1101023
0.1084419
0.109773833333
0.107572266667
0.108836133333
0.109336833333
0.107544266667
0.107257166667
0.108738433333
0.1090201
0.109598033333
0.108746866667
0.107741633333
0.108078266667
0.107586966667
0.106988166667
0.108694966667
0.106909333333
0.108894533333
0.107192466667
0.1096665
0.107175333333
0.109563366667
0.107753666667
0.109298466667
0.1100471
0.1091024
0.107993433333
0.110642566667
0.1090958
0.1064954
0.1074418
0.108036633333
0.108198433333
0.1078692
0.1071427
0.1080862
0.108412166667
0.108985033333
0.1080553
0.108456866667
0.110786633333
0.1089555
0.108409133333
0.109274033333
0.1081524
0.10808
0.1070581
0.109425666667
0.107816266667
0.108126
0.107562433333
0.106823966667
0.107843866667
0.1068611
0.108083033333
0.107641133333
0.108365833333
0.109307633333
0.109131366667
0.108955466667
0.1092038
0.107199433333
0.1083596
0.109107266667
0.106138133333
0.1064622
0.1054986
0.106449266667
0.1058373
0.107378366667
0.108252266667
0.107659566667
0.1070413
0.109142566667
0.108916133333
0.1083228
0.1080969
0.107547766667
0.107149333333
0.1075084
0.109864866667
0.107239033333
0.108047733333
0.108985866667
0.1073643
0.107414733333
0.107958866667
0.108559833333
0.1061866
0.107601
0.107590866667
0.106908266667
0.106297566667
0.1073038
0.106798033333
0.108100266667
0.1074076
0.108392633333
0.105549633333
0.1073347
0.106707
0.1054866
0.106224633333
0.1065713
0.1069315
0.107086566667
0.108803733333
0.1107549
0.107973
0.105527266667
0.1080193
0.108671633333
0.107120433333
0.107416033333
0.1059514
0.1060476
0.1078764
0.105531333333
0.104756966667
0.1054739
0.1068373
0.105783466667
0.105432766667
0.106348433333
0.106573866667
0.106960666667
0.108575766667
0.1072757
0.107239
0.108137466667
0.108229766667
0.1077853
0.107925433333
0.108071066667
0.107266
0.107954566667
0.107019633333
0.1067621
0.105124866667
0.1061916
0.1077519
0.1088564
0.107722633333
0.107561033333
0.106041166667
0.1060391
0.1071671
0.105983233333
0.1056784
0.104976166667
0.108235733333
0.106202033333
0.1064541
0.109089833333
0.105493666667
0.105577633333
0.1041927
0.104400166667
0.105347
0.1063052
0.106272866667
0.104622433333
0.106507033333
0.1046474
0.105371266667
0.104744233333
0.105856633333
0.106671366667
0.106418533333
0.106109133333
0.108170566667
0.105947366667
0.107525633333
0.107991633333
0.105019333333
0.106560966667
0.106192533333
0.106817466667
0.1071472
0.107769566667
