0.0632445007595
0.0110957762329
0.0549030964788
0.0466930993287
0.0545048506072
0.121723029095
0.0463863251062
0.0596391229742
0.0115180193243
0.0174870739781
0.0177362247079
0.0752214219232
0.0506812017809
0.051516371363
0.0659464276681
0.00849141508617
0.0622287174602
0.00801387556547
0.0640415983331
0.0130676474309
0.00913681679246
0.046389501368
0.0698525360749
0.0531322110768
0.00960333691079
0.0944354566476
0.0640772951513
0.0166430690113
0.0624905681158
0.00553828601093
0.00744888410703
0.00855241584167
0.0110260252043
0.00893733100981
0.00643714583716
0.013870378158
0.00488474348115
0.077310733356
0.00515143324878
0.056536154271
0.00752514241991
0.00437104824143
0.0106821480158
0.00816643307176
0.00725274800978
0.00699118392263
0.00799442230725
0.0229525048215
0.00542542933068
0.00435344432681
0.00605902574503
0.0114961563726
0.00526643924994
0.00494926598553
0.00604699386298
0.0114506823923
0.00571950315645
0.00675680499192
0.0162035399787
0.00918869176736
0.0650120441414
0.0108938627055
0.0051006041995
0.00621515276553
0.00506774166896
0.00491331314887
0.00517153941233
0.0121650161823
0.00640447790577
0.0107338227477
0.00565467591576
0.00983689053716
0.00574556950895
0.00682302682824
0.0100874354182
0.0059862498875
0.00513664533156
0.00623877717016
0.0104167914628
0.00648348675911
0.00618126959819
0.00809979960136
0.0212784020522
0.00696040717048
0.00524161189426
0.00765032791955
0.00760858475934
0.00506095100901
0.00702293569164
0.0144528587436
0.00695122874957
0.00879694834486
0.00904206013251
0.00756549088251
0.0119141186777
0.00836807900589
0.0101779290714
0.00743841204985
0.00590697494577
0.0116780117619
0.0146515432693
0.00542539260853
0.00429581307541
0.00521666417636
0.00666144768792
0.00515758767093
0.00599025527336
0.00565255754347
0.00538585434933
0.00504622849716
0.00629822632669
0.0193691109156
0.00554861832291
0.00355268209855
0.0262233098284
0.00416079994178
0.00820220724094
0.0045925736019
0.00388919806373
0.00375478050623
0.00467261644394
0.00438583096916
0.00752635356125
0.00748295555958
0.00777354349266
0.00611818685387
0.0241622431422
0.0160029481404
0.00501782150429
0.0166251410402
0.00952790103532
0.00568995603732
0.00701582684166
0.00641380715168
0.00803478113924
0.00586286195717
0.00943997237614
0.0104894526459
0.00813479196101
0.00929725739631
0.00995025133485
0.00721252441213
0.00499857366378
0.00895576851526
0.00797220230384
0.00649173368078
0.0128306852214
0.00833354615868
0.00367657586107
0.00532960822252
0.00529931371458
0.00817510366642
0.00403081404089
0.00399674612098
0.00374280823566
0.00451809213484
0.00457004965497
0.00492793412925
0.00582017045961
0.004306027832
0.0239759700221
0.00545103982945
0.00991886656473
0.00558748957782
0.0060853792209
0.00709508632357
0.00746327734749
0.0043804273409
0.0062520672351
0.00541089333187
0.0052468137184
0.00515342983318
0.00544640863322
0.00697507560811
0.00705922597236
0.00655022834174
0.00470875225464
0.00578263845624
0.00918538738335
0.00579416815389
0.0106166668771
0.0118792202449
0.00803990948263
0.00699996487364
0.00785176029068
0.0101871911803
0.00743647138164
0.013432746993
0.00590810810328
0.00776604495652
0.00801727736059
0.00828168749712
0.00704494719679
0.0055467381014
0.0118350017127
0.00543131601855
0.00417893244262
0.00739239530839
0.0080111168405
0.00613549962187
0.00724549012528
0.00447835521592
0.00589770338201
0.00694827276859
0.00551739043198
0.00441335219835
0.00665055602028
0.00440002012874
0.00810465640926
0.00926525406194
0.0125718446203
0.00528005859143
0.00817160971467
0.00456170068871
0.00852426239129
0.00579521112299
0.00894996918461
0.0096590535992
0.00881476475895
0.00579773795362
0.00716786372801
0.00467975415653
0.00659269691982
0.00440828743379
0.00464911610763
0.00724197512807
0.0129668480534
0.00527533841158
0.00523020658409
0.00975202580299
0.0581476302485
0.00607137082462
0.00654813821114
0.00574767747114
0.00589630878743
0.00949381847572
0.0103268340182
0.00484687053044
0.00751271983417
0.00750386432861
0.00930688744819
0.00938513651005
0.0666929467953
0.0111931803307
0.00540123018755
0.00855330688383
0.00590497189908
0.00571976471971
0.00775610837276
0.00816657154292
0.00579441824709
0.0135277632365
0.00569271742658
0.00710876150059
0.00690161774562
0.00575261532175
0.00645119554889
0.0055786106296
0.00609582077647
0.00648642990832
0.00572586670984
0.00597707218145
0.00550860907237
0.00412610788301
0.00562297657829
0.00566652589129
0.00813014686276
0.00821498025594
0.0674486671544
0.00802816310947
0.00498673101663
0.00940797281648
0.00752491333697
0.00669866571532
0.00594874759032
0.00581435263426
0.00598997780148
0.00725435181429
0.00363462757316
0.00489623918726
0.00495998311657
0.00689714352701
0.00665045236899
0.00489273008816
0.00456987663291
0.00577564375335
0.00533857722296
0.00691192618635
0.00632910798217
0.00537795609709
0.00595289001149
0.00796983145988
0.00745729669042
0.00795465267515
0.0063692555452
0.0104628901791
0.00673387475843
0.00983376776871
0.00764434766754
0.00708407733065
0.00465538271061
0.00412383054453
0.00686774036339
0.00539286051945
0.00623290141641
0.00721892795219
0.00510740482491
0.00777661245273
0.00581244216994
0.00562992415274
0.00541269651796
0.00896745965546
0.00984104724757
0.0565075779135
0.00513400066701
0.0113613460138
0.00816921101834
0.00582955892404
0.00472065853939
0.0072775817419
0.00557319667905
0.00855339240334
0.00519773592976
0.00713840961155
0.00843280430258
0.00702376508213
0.00582101327997
0.00673368499255
0.00445795768897
0.00639679191722
0.00657043296764
0.00394062362648
0.00549978966224
0.00524186336133
0.00435901410935
0.00554435156102
0.00453597457616
0.00932398963511
0.00724500216578
0.00744117839122
0.00606225121185
0.00758884856213
0.00593451227051
0.00641049612606
0.00895403045319
0.00691672885402
0.00603334603507
0.0123056854358
0.00566302286416
0.00738625109511
0.00454562805635
0.00539387864456
0.00740623864807
0.00489796121803
0.00499189523895
0.00364811854157
0.00672633918306
0.0067544138531
0.0062939277252
0.00518893155176
0.00875697231728
0.00608120642499
0.00557699959197
0.0078656142777
0.00695882483182
0.00792025539151
0.00590269484417
0.00635468565356
0.00570601601197
0.0068588473813
0.00675680698103
0.00446669092643
0.00532589461489
0.00489684966313
0.00859277723239
0.00736486352321
0.00733744709502
0.00701985796857
0.00798346933141
0.00797126077328
0.00609164117131
0.0058885629525
0.0052270859734
0.00756857796389
0.00484330496482
0.00403430169422
0.00552181271927
0.00526387867726
0.00410870910912
0.00729254925927
0.00884073419626
0.00674459887952
0.00656354558223
0.00667125719628
0.00801861984689
0.00733860332488
0.00775781543714
0.0062311567395
0.00662119138491
0.0076826253655
0.0100213570197
0.00585399088078
0.00665350773118
0.00753718192135
0.00577175697196
0.00616794751887
0.00835773735622
0.00684370751412
0.00452736732624
0.00830909132617
0.00685430991777
0.00461287056639
0.00428677356282
0.00482252537163
0.00854126388963
0.00722778916836
0.00593564867334
0.00962481124484
0.00464499332962
0.00817934043042
0.00442813250329
0.00491962482716
0.00490558878888
0.00547792828936
0.00602712206474
0.00713250302808
0.0107268963854
0.0139437644758
0.00623330808908
0.00568604241943
0.00746318423619
0.00940078132385
0.00817408314811
0.00823012985918
0.00468763776758
0.0056680858121
0.00698276451271
0.00456685899595
0.00376941189474
0.0044602268952
0.00530376630424
0.00831380010879
0.00601178296173
0.00610771899421
0.00705833119433
0.00495930023514
0.010285684021
0.0085581705138
0.00608920809849
0.00619826582593
0.00632816003634
0.0050935360288
0.00673166512181
0.00777590446158
0.00674015789133
0.00834045110164
0.0084065057326
0.00681801805195
0.00472403691584
0.00537716294217
0.00951116137441
0.0137443607408
0.00616954262747
0.00492123852625
0.00454761435688
0.00544273996164
0.00886848673807
0.00607313736978
0.00391793497138
0.00466017212903
0.0147846345033
0.0063294620808
0.00644362405457
0.0108487796183
0.00532403320384
0.00543860725728
0.00415604859733
0.00478041498954
0.00631902882834
0.0070875068602
0.00653414439047
0.00629660165848
0.00583992032185
0.00608764763325
0.00599344308353
0.00573611877889
0.00809484870142
0.0075564378931
0.00540891520075
0.00628801344217
0.00919278497404
0.00602354363855
0.00771427544873
0.00597291352403
0.00480348794338
0.00541422487209
0.00546223636577
0.00865864115102
0.005798169771
0.00671961252694
