[[1, 0.578199], [3, 0.273219], [19, 0.483515]]
[[1, 0.540953], [6, 0.469704], [23, 0.508755], [83, 0.229515]]
[[1, 0.492861], [6, 0.416988], [314, 0.421717]]
[[1, 0.48354], [6, 0.391073], [115, 0.230518], [269, 0.484278]]
[[1, 0.52625], [6, 0.389165], [17, 0.47297], [22, 0.383521]]
[[1, 0.491256], [6, 0.423279], [13, 0.402703]]
[[1, 0.472747], [3, 0.188587], [20, 0.192746], [24, 0.272349]]
[[1, 0.495332], [6, 0.384229], [15, 0.498358], [127, 0.246407]]
[[1, 0.474909], [6, 0.403913]]
[[1, 0.470949], [3, 0.189766], [7, 0.199702], [40, 0.433672]]
[[1, 0.497309], [3, 0.179098], [6, 0.288804]]
[[1, 0.511724], [3, 0.189869], [7, 0.18204]]
[[1, 0.48079], [3, 0.465305], [6, 0.404608]]
[[1, 0.50979], [8, 0.39492], [61, 0.485723], [161, 0.243678]]
[[1, 0.487233], [6, 0.373576], [12, 0.549202]]
[[1, 0.45752], [4, 0.393184]]
[[1, 0.488183], [6, 0.363666], [14, 0.414747]]
[[1, 0.481108], [6, 0.405328], [24, 0.385066]]
[[1, 0.486218], [6, 0.408514]]
[[1, 0.729903], [6, 0.431646]]
[[1, 0.473511], [5, 0.455495], [6, 0.429571]]
[[1, 0.462074], [6, 0.29887]]
[[1, 0.539389], [8, 0.283536], [243, 0.481016]]
[[1, 0.548611], [8, 0.313481], [29, 0.472915]]
[[1, 0.465775], [6, 0.353596], [26, 0.512286], [112, 0.217421]]
[[1, 0.4831], [7, 0.194801], [11, 0.2277], [231, 0.432199]]
[[1, 0.514193], [7, 0.386556], [38, 0.55045], [48, 0.238357]]
[[1, 0.47051], [6, 0.361881], [27, 0.487079]]
[[1, 0.518149], [7, 0.205022], [10, 0.208953], [26, 0.539388]]
[[1, 0.718988], [6, 0.382071]]
