first at GeneralizedLinearAlgorithm.scala:246	count at DataValidators.scala:40	count at GradientDescent.scala:209	treeAggregate at GradientDescent.scala:239
[8.831896, 9.911266, 0.091893, 58.05215]
[8.422884, 9.32804, 0.100553, 57.38897399999995]
[8.550901, 12.022684, 0.102727, 58.00846200000002]
[8.562148, 10.310691, 0.095709, 58.29471900000002]
[8.381181, 10.890235, 0.094035, 57.70244700000002]
[11.393928, 10.969945, 0.083794, 56.51720100000001]
[11.569875, 12.122074, 0.102857, 59.96577800000005]
[11.507139, 9.229925, 0.085367, 57.30691200000001]
[11.471881, 11.075066, 0.085695, 55.43693700000002]
[11.474052, 11.099977, 0.10868, 56.82662400000001]
[11.527143, 11.015093, 0.090513, 54.46376500000001]
[11.582341, 11.093385, 0.098153, 57.00525800000003]
[11.554241, 11.711268, 0.127201, 56.853389000000014]
[11.449704, 9.34625, 0.123578, 58.17896099999999]
[11.52, 9.318536, 0.092534, 56.66145099999999]
[11.495911, 10.917285, 0.111378, 56.22711]
[11.519523, 10.809018, 0.111934, 56.66009000000005]
[11.442079, 11.027371, 0.126512, 56.78860899999998]
[11.368198, 11.100803, 0.098577, 56.64734500000001]
[11.50731, 10.745781, 0.093071, 55.45447999999997]
[11.456873, 10.881505, 0.138879, 56.329761000000005]
[8.494471, 11.35002, 0.39012, 57.67767799999999]
[8.452833, 9.323271, 0.103781, 59.99775900000005]
[8.479939, 9.563837, 0.104135, 58.456224999999996]
[11.455572, 9.318737, 0.09488, 56.51708900000001]
[8.557417, 11.971048, 0.08591, 57.043351999999985]
[8.571269, 10.46759, 0.090519, 59.23510899999997]
[8.515353, 9.313967, 0.094091, 58.05268699999999]
[8.619494, 10.369414, 0.089782, 58.588469000000025]
[11.70673, 11.916226, 0.094537, 56.73419099999999]
