[0.1161043, 0.02924183125137686, [(0, 0.578199), (18, 0.483515), (2, 0.273219), (25, 0.190397), (347, 0.16845), (6, 0.163845), (1, 0.156341), (470, 0.153244), (400, 0.152471), (137, 0.148903)]]
[0.1147779479999999, 0.03250596547049938, [(0, 0.540953), (22, 0.508755), (5, 0.469704), (82, 0.229515), (25, 0.192466), (2, 0.17252), (4, 0.148712), (73, 0.144941), (14, 0.14481), (7, 0.140404)]]
[0.11601692400000005, 0.027830973656669342, [(0, 0.492861), (313, 0.421717), (5, 0.416988), (58, 0.185523), (12, 0.181288), (35, 0.162785), (2, 0.158529), (4, 0.155168), (1, 0.152772), (25, 0.150739)]]
[0.11658943800000005, 0.02913813981025824, [(268, 0.484278), (0, 0.48354), (5, 0.391073), (114, 0.230518), (1, 0.200013), (11, 0.176957), (461, 0.167302), (2, 0.165704), (181, 0.162293), (3, 0.158026)]]
[0.11540489400000004, 0.03166552807244441, [(0, 0.52625), (16, 0.47297), (5, 0.389165), (21, 0.383521), (2, 0.169022), (15, 0.163472), (25, 0.163161), (1, 0.159491), (236, 0.157901), (4, 0.155325)]]
[0.11303440200000002, 0.027411534297014362, [(0, 0.491256), (5, 0.423279), (12, 0.402703), (25, 0.172844), (2, 0.169436), (4, 0.16781), (17, 0.163273), (1, 0.146369), (180, 0.142783), (235, 0.141263)]]
[0.1199315560000001, 0.020355758133827007, [(0, 0.472747), (23, 0.272349), (19, 0.192746), (2, 0.188587), (9, 0.179958), (4, 0.164537), (69, 0.15726), (1, 0.153124), (271, 0.151858), (44, 0.150083)]]
[0.11461382400000002, 0.02934242095262463, [(14, 0.498358), (0, 0.495332), (5, 0.384229), (126, 0.246407), (2, 0.16861), (31, 0.159983), (460, 0.148984), (1, 0.147551), (134, 0.144374), (143, 0.144308)]]
[0.11087387400000004, 0.02334616034841969, [(0, 0.474909), (5, 0.403913), (2, 0.17823), (13, 0.159719), (100, 0.157639), (25, 0.157082), (4, 0.155922), (6, 0.151635), (1, 0.148017), (185, 0.146406)]]
[0.11365324800000001, 0.024412076189265344, [(0, 0.470949), (39, 0.433672), (6, 0.199702), (2, 0.189766), (25, 0.175499), (470, 0.16616), (71, 0.165468), (4, 0.157459), (5, 0.152505), (1, 0.150112)]]
[0.10892753000000002, 0.021672571158519695, [(0, 0.497309), (5, 0.288804), (2, 0.179098), (25, 0.166401), (1, 0.16523), (15, 0.155555), (6, 0.155358), (4, 0.152271), (3, 0.146846), (58, 0.14065)]]
[0.11401051600000006, 0.020568404218746384, [(0, 0.511724), (2, 0.189869), (6, 0.18204), (11, 0.162899), (25, 0.159085), (94, 0.156713), (5, 0.149097), (1, 0.146392), (4, 0.146088), (136, 0.144173)]]
[0.11370677800000002, 0.02797920004604699, [(0, 0.48079), (2, 0.465305), (5, 0.404608), (22, 0.174233), (4, 0.164801), (427, 0.153452), (1, 0.151511), (426, 0.147995), (266, 0.147377), (6, 0.147167)]]
[0.11635792199999997, 0.029585867827527316, [(0, 0.50979), (60, 0.485723), (7, 0.39492), (160, 0.243678), (8, 0.171409), (26, 0.17086), (1, 0.167659), (2, 0.166168), (4, 0.153767), (27, 0.149238)]]
[0.11332290199999999, 0.03010353898584676, [(11, 0.549202), (0, 0.487233), (5, 0.373576), (127, 0.196192), (25, 0.191249), (2, 0.168384), (4, 0.158477), (1, 0.146666), (295, 0.141748), (7, 0.139241)]]
[0.11245422000000001, 0.022255324386573207, [(0, 0.45752), (3, 0.393184), (6, 0.17504), (2, 0.167879), (25, 0.164795), (217, 0.156456), (1, 0.153557), (28, 0.150036), (4, 0.145277), (5, 0.143436)]]
[0.11332018000000009, 0.02650645223691018, [(0, 0.488183), (13, 0.414747), (5, 0.363666), (25, 0.182769), (2, 0.177951), (47, 0.16557), (26, 0.155491), (4, 0.152665), (1, 0.149044), (7, 0.14729)]]
[0.11357721799999997, 0.026495728512016356, [(0, 0.481108), (5, 0.405328), (23, 0.385066), (9, 0.171462), (2, 0.167421), (35, 0.161364), (69, 0.150594), (4, 0.150509), (6, 0.149704), (10, 0.146372)]]
[0.11329469000000002, 0.023580179308094737, [(0, 0.486218), (5, 0.408514), (2, 0.177045), (100, 0.169841), (4, 0.164286), (6, 0.152729), (25, 0.147509), (1, 0.145242), (239, 0.144502), (3, 0.144328)]]
[0.11090895999999993, 0.03290639099260811, [(0, 0.729903), (5, 0.431646), (2, 0.177073), (9, 0.16987), (4, 0.166017), (23, 0.157375), (20, 0.156234), (1, 0.142823), (6, 0.138512), (490, 0.138277)]]
[0.11265952200000001, 0.02848578159499079, [(0, 0.473511), (4, 0.455495), (5, 0.429571), (25, 0.174176), (2, 0.170646), (42, 0.164977), (1, 0.155808), (3, 0.148996), (46, 0.146932), (12, 0.144023)]]
[0.11535535599999999, 0.020672140425637205, [(0, 0.462074), (5, 0.29887), (6, 0.176735), (2, 0.175135), (25, 0.173017), (74, 0.164779), (23, 0.157825), (16, 0.1565), (4, 0.15308), (1, 0.149704)]]
[0.1199955180000001, 0.02925595148679455, [(0, 0.539389), (242, 0.481016), (7, 0.283536), (114, 0.20545), (3, 0.20023), (2, 0.180492), (99, 0.177709), (27, 0.175534), (51, 0.175481), (8, 0.173276)]]
[0.11691244999999999, 0.028821277574866435, [(0, 0.548611), (28, 0.472915), (7, 0.313481), (12, 0.199071), (2, 0.195893), (27, 0.193936), (427, 0.161562), (8, 0.160514), (1, 0.151743), (315, 0.150154)]]
[0.11303417800000003, 0.028256506074359533, [(25, 0.512286), (0, 0.465775), (5, 0.353596), (111, 0.217421), (6, 0.183819), (2, 0.173143), (8, 0.170288), (4, 0.153822), (59, 0.150225), (58, 0.148455)]]
[0.11408670399999997, 0.025434154546915524, [(0, 0.4831), (230, 0.432199), (10, 0.2277), (6, 0.194801), (2, 0.180659), (25, 0.176296), (251, 0.171525), (187, 0.171169), (55, 0.170528), (32, 0.167566)]]
[0.11847021799999995, 0.031093663947024255, [(37, 0.55045), (0, 0.514193), (6, 0.386556), (47, 0.238357), (7, 0.204613), (2, 0.183801), (22, 0.179921), (23, 0.168475), (4, 0.161465), (5, 0.158936)]]
[0.11610537399999998, 0.027688588303236485, [(26, 0.487079), (0, 0.47051), (5, 0.361881), (89, 0.191269), (2, 0.179573), (24, 0.172576), (58, 0.170768), (25, 0.168955), (10, 0.168736), (6, 0.157332)]]
[0.11717693800000005, 0.028763022827967107, [(25, 0.539388), (0, 0.518149), (9, 0.208953), (6, 0.205022), (2, 0.201928), (129, 0.198621), (7, 0.17138), (3, 0.166706), (140, 0.157605), (1, 0.151043)]]
[0.11346838199999998, 0.03153595124755359, [(0, 0.718988), (5, 0.382071), (2, 0.171007), (4, 0.166061), (95, 0.155902), (9, 0.14983), (12, 0.148663), (1, 0.148067), (3, 0.147997), (214, 0.145841)]]
