s3://url-combined-data/url_combined
[[25, 2, 30], 165.239743811]
[[25, 2, 30], 317.056205181]
[[25, 2, 30], 247.628076208]
[[25, 2, 30], 242.854739961]
[[25, 2, 30], 170.911870815]
[[25, 2, 30], 179.818927565]
[[25, 2, 30], 167.548698278]
[[25, 2, 30], 214.399646171]
[[25, 2, 30], 220.226987147]
[[25, 2, 30], 133.76348972]
[[25, 2, 30], 135.374272838]
[[25, 2, 30], 179.699772738]
[[25, 2, 30], 229.565780882]
[[25, 2, 30], 253.160432161]
[[25, 2, 30], 202.721119423]
[[25, 2, 30], 333.581809933]
[[25, 2, 30], 296.704845258]
[[25, 2, 30], 197.331306709]
[[25, 2, 30], 135.44026095]
[[25, 2, 30], 190.753448971]
[[25, 2, 30], 440.733657605]
[[25, 2, 30], 179.702265048]
[[25, 2, 30], 185.431194286]
[[25, 2, 30], 272.309657569]
[[25, 2, 30], 303.547583051]
[[25, 2, 30], 252.465534282]
[[25, 2, 30], 244.589486255]
[[25, 2, 30], 232.654837647]
[[25, 2, 30], 218.274775623]
[[25, 2, 30], 136.133485716]
