[3.00538, 2.083501, 2.025074, 1.986583, 2.048798]
[2.648814, 2.10228, 2.280143, 2.003182, 2.055258]
[2.654627, 2.049843, 1.970918, 2.037325, 2.005754]
[2.788126, 2.023088, 2.042571, 1.964365, 1.998125]
[2.756125, 2.076275, 2.186143, 1.993981, 2.036611]
[2.715309, 2.000501, 2.056246, 2.002495, 2.101598]
[2.741606, 2.011929, 1.976362, 2.070449, 2.173179]
[2.686919, 2.066739, 2.104358, 2.078223, 2.025369]
[2.784203, 2.070235, 2.193522, 2.091968, 2.054918]
[2.789296, 1.98726, 2.09783, 2.029402, 2.054183]
[2.785452, 2.034108, 2.018084, 2.039485, 1.98398]
[2.809702, 1.966704, 2.025683, 1.89556, 1.98407]
[2.76446, 2.094835, 2.059016, 2.019726, 2.080488]
[2.807413, 1.960168, 2.019983, 1.965252, 2.061813]
[2.75924, 2.01309, 2.034927, 1.909772, 1.952289]
[2.653329, 1.951413, 2.262911, 2.033934, 2.042216]
[2.847931, 1.999556, 2.048333, 2.048552, 2.040792]
[2.777388, 2.07708, 1.984765, 2.011049, 2.114813]
[2.933576, 2.092096, 2.054622, 2.081357, 2.066092]
[2.712338, 1.955251, 2.071889, 1.99258, 2.020379]
[2.742604, 2.044409, 2.074813, 2.038252, 2.025774]
[2.720962, 2.017747, 2.056504, 1.983276, 2.046044]
[2.809664, 1.957275, 2.001421, 2.067377, 2.091791]
[2.769471, 2.081585, 2.021248, 2.01477, 2.008821]
[2.740856, 1.973185, 2.078614, 1.994562, 2.025136]
[2.794873, 2.138756, 2.289053, 2.113761, 2.050293]
[2.805019, 2.046979, 2.124889, 2.177118, 1.924309]
[2.779083, 2.085827, 2.042414, 1.984331, 2.246064]
[2.903942, 1.969444, 1.944597, 2.028768, 2.067061]
[2.768557, 2.025819, 2.057876, 1.977314, 2.051414]
