first at GeneralizedLinearAlgorithm.scala:246	count at DataValidators.scala:40	count at GradientDescent.scala:209	treeAggregate at GradientDescent.scala:239
[7.950343, 26.122198, 0.217581, 11.149336]
[7.435985, 25.149146, 0.20022, 11.089677]
[7.564587, 25.018631, 0.216556, 10.718467]
[10.585804, 26.226934, 0.187482, 10.816275]
[10.585352, 26.142604, 0.21358, 11.049135]
[10.617994, 26.104066, 0.233668, 10.876148999999998]
[10.528052, 25.430233, 0.210164, 10.973524999999999]
[10.604771, 25.920438, 0.207965, 10.961607999999998]
[10.504171, 25.011473, 0.22206, 11.194845999999998]
[10.647249, 25.68226, 0.213188, 10.957971]
[10.57019, 25.830188, 0.210082, 10.861109]
[10.600912, 26.296541, 0.20151, 10.681719000000001]
[10.559695, 26.08477, 0.221141, 11.018525]
[10.629176, 26.490899, 0.224277, 10.814629]
[10.539595, 24.98489, 0.191259, 10.669318]
[10.574888, 26.235597, 0.215582, 10.943802999999999]
[10.488715, 25.10854, 0.214367, 10.985164000000001]
[10.589222, 26.549729, 0.197948, 10.965095]
[10.604748, 26.628838, 0.226301, 11.227743]
[10.545056, 25.930571, 0.200918, 10.752437]
[10.506086, 25.096283, 0.191735, 10.925852]
[10.573581, 25.84585, 0.207852, 10.824533]
[10.679731, 25.766553, 0.217775, 10.927528000000002]
[10.579219, 25.928422, 0.215455, 10.895895]
[10.509928, 24.914036, 0.210282, 10.812353]
[10.630889, 25.770877, 0.21805, 11.386735999999999]
[10.666211, 26.099359, 0.195589, 11.078313999999999]
[10.461172, 24.826598, 0.211905, 11.137719]
[10.511997, 25.043174, 0.208503, 10.913812]
[10.652099, 25.764321, 0.200965, 10.88098]
