[2.2298672, 0.3890389901772829, [(0, 3.00538), (1, 2.083501), (4, 2.048798), (2, 2.025074), (3, 1.986583)]]
[2.2179354, 0.23472762268944827, [(0, 2.648814), (2, 2.280143), (1, 2.10228), (4, 2.055258), (3, 2.003182)]]
[2.1436934, 0.25692562917124484, [(0, 2.654627), (1, 2.049843), (3, 2.037325), (4, 2.005754), (2, 1.970918)]]
[2.163255, 0.31352841382751906, [(0, 2.788126), (2, 2.042571), (1, 2.023088), (4, 1.998125), (3, 1.964365)]]
[2.2098269999999998, 0.2805109094976521, [(0, 2.756125), (2, 2.186143), (1, 2.076275), (4, 2.036611), (3, 1.993981)]]
[2.1752297999999994, 0.27262860949900325, [(0, 2.715309), (4, 2.101598), (2, 2.056246), (3, 2.002495), (1, 2.000501)]]
[2.194705, 0.2814549192456938, [(0, 2.741606), (4, 2.173179), (3, 2.070449), (1, 2.011929), (2, 1.976362)]]
[2.1923215999999996, 0.24860685171700317, [(0, 2.686919), (2, 2.104358), (3, 2.078223), (1, 2.066739), (4, 2.025369)]]
[2.2389691999999997, 0.27687570204797685, [(0, 2.784203), (2, 2.193522), (3, 2.091968), (1, 2.070235), (4, 2.054918)]]
[2.1915942, 0.30099162109294675, [(0, 2.789296), (2, 2.09783), (4, 2.054183), (3, 2.029402), (1, 1.98726)]]
[2.1722218, 0.30722603882900285, [(0, 2.785452), (3, 2.039485), (1, 2.034108), (2, 2.018084), (4, 1.98398)]]
[2.1363438, 0.3392930557546972, [(0, 2.809702), (2, 2.025683), (4, 1.98407), (1, 1.966704), (3, 1.89556)]]
[2.2037050000000002, 0.28151889996090856, [(0, 2.76446), (1, 2.094835), (4, 2.080488), (2, 2.059016), (3, 2.019726)]]
[2.1629258, 0.324408954878499, [(0, 2.807413), (4, 2.061813), (2, 2.019983), (3, 1.965252), (1, 1.960168)]]
[2.1338636, 0.31580270280958656, [(0, 2.75924), (2, 2.034927), (1, 2.01309), (4, 1.952289), (3, 1.909772)]]
[2.1887605999999997, 0.2542056487103306, [(0, 2.653329), (2, 2.262911), (4, 2.042216), (3, 2.033934), (1, 1.951413)]]
[2.1970328, 0.3259554937026833, [(0, 2.847931), (3, 2.048552), (2, 2.048333), (4, 2.040792), (1, 1.999556)]]
[2.193019, 0.29581344382363706, [(0, 2.777388), (4, 2.114813), (1, 2.07708), (3, 2.011049), (2, 1.984765)]]
[2.2455486000000002, 0.34425162976497287, [(0, 2.933576), (1, 2.092096), (3, 2.081357), (4, 2.066092), (2, 2.054622)]]
[2.1504874000000003, 0.2834903877782102, [(0, 2.712338), (2, 2.071889), (4, 2.020379), (3, 1.99258), (1, 1.955251)]]
[2.1851704, 0.279183443085438, [(0, 2.742604), (2, 2.074813), (1, 2.044409), (3, 2.038252), (4, 2.025774)]]
[2.1649066, 0.2791854838501458, [(0, 2.720962), (2, 2.056504), (4, 2.046044), (1, 2.017747), (3, 1.983276)]]
[2.1855056000000004, 0.31568555475827526, [(0, 2.809664), (4, 2.091791), (3, 2.067377), (2, 2.001421), (1, 1.957275)]]
[2.179179, 0.2962983639192089, [(0, 2.769471), (1, 2.081585), (2, 2.021248), (3, 2.01477), (4, 2.008821)]]
[2.1624706, 0.2913570761025721, [(0, 2.740856), (2, 2.078614), (4, 2.025136), (3, 1.994562), (1, 1.973185)]]
[2.2773472, 0.2703669930686067, [(0, 2.794873), (2, 2.289053), (1, 2.138756), (3, 2.113761), (4, 2.050293)]]
[2.2156627999999996, 0.3067271021637313, [(0, 2.805019), (3, 2.177118), (2, 2.124889), (1, 2.046979), (4, 1.924309)]]
[2.2275438000000003, 0.2891531245823914, [(0, 2.779083), (4, 2.246064), (1, 2.085827), (2, 2.042414), (3, 1.984331)]]
[2.1827624, 0.3631607363648223, [(0, 2.903942), (4, 2.067061), (3, 2.028768), (1, 1.969444), (2, 1.944597)]]
[2.176196, 0.2975328608063318, [(0, 2.768557), (2, 2.057876), (4, 2.051414), (1, 2.025819), (3, 1.977314)]]
