[1.340685324000001, 1.285665214000001, 1.37668971, 1.3662744539999998, 1.3465059399999992, 1.3357685720000003, 1.33929342, 1.3522343379999984, 1.3308136780000006, 1.3510603260000011, 1.3277491459999986, 1.348539373999999, 1.380157256, 1.2985349599999993, 1.3580929959999992, 1.3428416559999998, 1.3755705600000003, 1.3238646199999993, 1.3505108399999997, 1.3422965379999992, 1.3704538239999997, 1.35968383, 1.3973139579999987, 1.3149806620000006, 1.328210819999999, 1.3410641219999992, 1.3296631599999997, 1.3615259880000006, 1.3513037080000012, 1.367264653999999]
[1.5455133999999997, 1.4968343, 1.5275219666666666, 1.5353179333333329, 1.4719682333333337, 1.5386586333333334, 1.450725833333333, 1.5219128, 1.5030461666666666, 1.4643573999999997, 1.4628888333333334, 1.4835957666666673, 1.525116333333333, 1.5024768666666664, 1.534360766666667, 1.513431, 1.5056150000000001, 1.5598267, 1.4910071333333332, 1.5320458000000003, 1.5349406, 1.5904377333333328, 1.5382764666666666, 1.4565472999999998, 1.4987016666666662, 1.5436071666666666, 1.4806572333333334, 1.5634542333333339, 1.5254053333333333, 1.567696666666667]
[1.3276111914893625, 1.2721863361702124, 1.3670621191489363, 1.3554844446808505, 1.3384977085106378, 1.322818142553192, 1.3321807127659575, 1.3414037978723388, 1.3198201148936173, 1.343828597872342, 1.3191232085106368, 1.339918753191488, 1.37090454893617, 1.2855173914893616, 1.3468418617021267, 1.3319529744680856, 1.3672698510638301, 1.3088032106382974, 1.341542991489362, 1.3301848829787226, 1.3599546680851065, 1.3449548574468084, 1.3883163510638288, 1.3059444936170206, 1.3173284255319135, 1.3281358425531915, 1.3200252404255315, 1.3486369510638303, 1.3401908382978733, 1.3544711212765947]
[0.14534518249653477, 0.12790976640275833, 0.14353294806155797, 0.13683098296138885, 0.1273023791690807, 0.14048720616279906, 0.13268227327461501, 0.14170887630394835, 0.1347977670146739, 0.12740890539642719, 0.13594766590027463, 0.12766957803551368, 0.13955399879816585, 0.12663113093939582, 0.14821944596358463, 0.13399942335910875, 0.13917892583586924, 0.13157378785862933, 0.1451845339255473, 0.14073373394091607, 0.1382502582723701, 0.15452853596744223, 0.13899558754212396, 0.12459535801744684, 0.12959479497618567, 0.1362811230124081, 0.12093442275613012, 0.1358960926584126, 0.13977937958714343, 0.14264546063421127]
[0.3107081575134025, 0.2898468592757389, 0.24730401744337313, 0.24994147613657258, 0.2110261288191083, 0.2473636619018624, 0.25730658536177986, 0.2514025405383963, 0.2259885602157896, 0.22108333226901875, 0.23548800273843862, 0.2318426745263094, 0.2786228515130963, 0.25492540959919147, 0.2268143579107054, 0.2408831670525499, 0.23072769274363228, 0.2729635885273773, 0.2741536095574564, 0.3224969835760122, 0.28077415611087386, 0.3340128877869768, 0.20891337845204863, 0.24798318720713708, 0.2591224930990919, 0.2132444918569736, 0.21392683720666178, 0.26162258950247186, 0.23673101590727158, 0.23799207091460467]
[0.11602869747144791, 0.09494631136699108, 0.12832803420976743, 0.11827884782046323, 0.11545121024975954, 0.11956398979742888, 0.1168723561615382, 0.12399168635688884, 0.11855844908337364, 0.11522884330229603, 0.12199051847721402, 0.1125629358849204, 0.11973469385871034, 0.10043203329577342, 0.1340812179412324, 0.11585422980948207, 0.12673139739140346, 0.09939815128982203, 0.12761722736977515, 0.10948403168386876, 0.11603426676939489, 0.12110494818779724, 0.12813207999612825, 0.10596588969876089, 0.10773684573159455, 0.11861621740519142, 0.10530595935792647, 0.11184290191854562, 0.1230853874476915, 0.12370641453631247]
1.3464871215999998
1.5155315088888885
1.3356970543262412
0.1362733175074888
0.2525070921754641
0.11655552579571665
