0.157022770958
0.267776894947
0.147787069066
0.236826814975
0.29542106694
0.206554029547
0.178938420455
0.163507735769
0.127999329712
0.110824535202
0.140514586204
0.11424803368
0.131660973779
0.132080809562
0.114997580369
0.103856754811
0.103803771878
0.102829947182
0.105704722768
0.105230895447
0.101802134458
0.0913127278332
0.121176570126
0.125315126966
0.121347996977
0.0901005891546
0.0874961726172
0.117377503315
0.12876162192
0.0996345221552
0.101118734165
0.143309986792
0.136458210359
0.118515687111
0.0926182948269
0.0817500327716
0.113842303992
0.112572385214
0.107446137668
0.0660816828243
0.0956204928498
0.0823564815663
0.101113912775
0.0951551757786
0.0522104725921
0.100940985875
0.0755913646703
0.0923706019902
0.113531814584
0.0688296239705
0.0735335473354
0.0885695083014
0.110890386335
0.106846222898
0.0938946940534
0.0971372294795
0.08219783232
0.0849984933858
0.0837777793104
0.0716495483128
0.0961540606332
0.110059103106
0.0782633170974
0.0967005421366
0.088455303972
0.0907479840808
0.0938847850016
0.101581807605
0.114036123916
0.0790474484698
0.105323367037
0.0927651561325
0.105888496399
0.0845001845555
0.0865070299908
0.0861940995176
0.0718789352568
0.0905900801412
0.086130558601
0.0844276465346
0.0810222825526
0.087858503252
0.0976330818259
0.0794325957177
0.106159360189
0.0742679674999
0.116785669103
0.0744352493913
0.0831106397553
0.0823290947318
0.106485256963
0.123734491743
0.0761235333593
0.094352868493
0.0915811032032
0.103434268336
0.0802689834367
0.0855845835641
0.0932880879552
0.0902209958557
0.0865229494503
0.0754681263939
0.0842588464462
0.0919948096223
0.0848997064378
0.0802666753457
0.0675286895627
0.12468824538
0.104513130354
0.066610524244
0.111772433098
0.0719121817344
0.101153515922
0.0687578712627
0.0849053108434
0.12839613111
0.112660801769
0.103357876482
0.109702568874
0.111623318094
0.0952304671753
0.100688814025
0.0762038225941
0.10942505541
0.115071642194
0.0987354546397
0.0988256157538
0.115956495683
0.0990443988638
0.12850990572
0.0889475588185
0.077435258931
0.105305159437
0.106070198318
0.0795377304607
0.0921463313775
0.13972610004
0.0994257207982
0.099788643393
0.118212621171
0.102147901655
0.140174394112
0.114999252976
0.109427446167
0.106273863213
0.106986525674
0.0848169650504
0.0877639217584
0.121190128821
0.114126859868
0.0917134739955
0.110818551587
0.0810233495723
0.0940306851853
0.149479230368
0.110461956251
0.1129515078
0.100021244718
0.120300908295
0.0765811761773
0.0910967468277
0.0869370209442
0.108492800307
0.109038698189
0.117534313434
0.144994784514
0.102706009082
0.125219973029
0.0903668159451
0.0791123399079
0.106521460436
0.103489944823
0.0840296905546
0.115123483263
0.110601550985
0.0866435516773
0.0917384795679
0.0970091005562
0.122708516633
0.114375969209
0.102647114404
0.121681501782
0.0875165175476
0.0826014251582
0.114784076499
0.0839951786503
0.0979821577572
0.144895450403
0.102621146303
0.0855881482514
0.115359616589
0.106635671502
0.113167610003
0.114641046796
0.112832152497
0.0991101600126
0.103012842449
0.0926864590067
0.132956489987
0.154405263737
0.137987819013
0.0968106492625
0.121186476345
0.0875464101601
0.0702286261495
0.0925497322106
0.0899603548261
0.102366075393
0.121417334677
0.129712001374
0.109785961512
0.0993015407957
0.138309152285
0.131057456762
0.141317425641
0.115573642821
0.119334586329
0.129877682302
0.102680097595
0.115317591382
0.108366512217
0.112206642062
0.110549799264
0.0854413778776
0.101009571438
0.151606432722
0.0965327647273
0.122196800474
0.0884239308259
0.135799728433
0.0860696253286
0.120484045239
0.101169187248
0.126672909564
0.121746607628
0.103810407671
0.13707888498
0.118954059113
0.143947662298
0.121742870485
0.109239304867
0.0846295140907
0.106635100276
0.0919034583336
0.151782096181
0.11625969186
0.0886827506239
0.112131394065
0.0960677463177
0.15975204546
0.130193803725
0.133926956362
0.111793599818
0.108584416732
0.0888439577389
0.105968044797
0.125409799371
0.118176452994
0.0939024933003
0.128930724131
0.138699670911
0.112449341352
0.0983665397787
0.115960087141
0.143939241784
0.0980994935755
0.135503539794
0.121547192683
0.161784641398
0.116241833186
0.112493183834
0.0854876237073
0.0979757684317
0.125058465543
0.13008911727
0.102779882568
0.10737234062
0.104723969557
0.15982960908
0.133451954991
0.169900001067
0.142053894895
0.132348383226
0.104997837894
0.146660993415
0.144016836248
0.111820692519
0.120470002804
0.133776426557
0.115204794425
0.135984773924
0.107890334972
0.10750049169
0.0892346388168
0.0827999399886
0.0911581851046
0.146526686536
0.140302570236
0.0910660015661
0.138624658886
0.145763138707
0.12636992706
0.0985221154472
0.134906875264
0.130880309486
0.113365603122
0.126552954648
0.0871964512708
0.108175022431
0.137589220527
0.110336197536
0.108150057668
0.110041350824
0.105460170148
0.136543105419
0.115944493526
0.0851494878973
0.126867714028
0.136339861061
0.137878257431
0.123003213315
0.135052301589
0.105553748507
0.0911309445825
0.105339438369
0.153485052707
0.100299725434
0.122264298574
0.144743285286
0.103297042776
0.165197962004
0.177739614222
0.130024647362
0.0776037100177
0.132604455275
0.100998377181
0.076717708052
0.140245012691
0.0999407118945
0.122396681787
0.129235837847
0.118322861599
0.133455824896
0.139987399599
0.11605429974
0.144236290354
0.108635060678
0.13286567314
0.125770057644
0.139955536168
0.111530952517
0.128464646808
0.104590521182
0.0939959943475
0.10249823586
0.0990226504115
0.118114352838
0.168776039678
0.120390475539
0.155689574933
0.0968579148587
0.120237486315
0.164242910931
0.120884816549
0.120960842367
0.117489988156
0.104118120593
0.183430659852
0.0944865309383
0.11429003451
0.120757622356
0.10944035568
0.146650822157
0.1840103852
0.146280941913
0.131636292639
0.116330462188
0.138729756454
0.115804797847
0.158392048791
0.116535890862
0.110191876802
0.150492644928
0.153863827897
0.131551255265
0.0966150899581
0.118782331005
0.105154813758
0.11769824546
0.12355302092
0.123844193688
0.15828150679
0.0856966595121
0.121603511103
0.122681348472
0.106033342528
0.129187161475
0.158054140705
0.147632007511
0.135687831896
0.117259251258
0.123513128985
0.146491647811
0.0991169568664
0.12271796274
0.166059468686
0.116965213554
0.12285902444
0.128986804786
0.129319867866
0.14471583784
0.135141075925
0.118700819074
0.1410312737
0.137474731096
0.122036687697
0.148965731706
0.115616543422
0.0955243624149
0.127578701335
0.150531931462
0.109036395974
0.115385151708
0.113811015435
0.144048799617
0.119806399921
0.100223496604
0.0888103380561
0.0770835361884
0.0996685937657
0.190858057042
0.127376228148
0.139120829546
0.134332804993
0.123398230672
0.119921723667
0.0862042817772
0.169136129922
0.110546207521
0.137291354942
0.124903573931
0.123743861163
0.0966595541442
0.128564869003
0.117014358594
0.132797891775
0.127277636087
0.120706242271
0.120741204604
0.231974111157
0.123342415432
0.147026717634
0.122903568792
0.0982850337743
0.115066573153
0.141894632653
0.104673870886
0.0890154869503
0.107882977032
0.122007322386
0.154014197434
0.0954030885796
0.137248120485
0.10380170088
0.123859902861
0.0929520692386
0.133169076918
0.117071784938
0.124128226749
0.0947048081441
0.158423683203
0.141852570503
0.13837298622
0.120124479579
0.157507839938
0.127734209495
0.153117205699
0.140251030058
0.0978672687508
0.10085820492
0.124981898943
0.100703626077
0.131020799653
0.119435399149
0.100628871467
0.0774956980726
0.132763402667
0.14000056002
0.11311425213
0.127465283465
0.12453786547
0.175004938829
0.108708230237
0.110653748607
0.126926915306
0.116543570169
0.107123031925
0.120155919085
0.128050706342
0.136980699185
