2.3023219
1.79573713333
1.77888963333
1.8115017
1.79812606667
1.76676806667
1.63169586667
1.6046046
1.47299683333
1.50902333333
1.4737706
1.49586656667
1.5175319
1.4287182
1.3782773
1.42399393333
1.41656033333
1.37022913333
1.39610126667
1.37404246667
1.373657
1.3949913
1.39728533333
1.382803
1.37050666667
1.37265816667
1.36120926667
1.36723913333
1.3601522
1.33868636667
1.33008
1.39616116667
1.3479163
1.34948513333
1.2930946
1.3192092
1.3540312
1.35099756667
1.3412101
1.30970633333
1.29435676667
1.3168476
1.33084836667
1.34078853333
1.3348231
1.31601006667
1.33242753333
1.2973706
1.3294972
1.31939346667
1.320845
1.2982871
1.34399096667
1.36878216667
1.34157413333
1.3305493
1.31373043333
1.30383686667
1.29752253333
1.32174833333
1.27878546667
1.35056263333
1.2985548
1.32749986667
1.29531453333
1.30634973333
1.30623026667
1.31777153333
1.31333903333
1.34345853333
1.33192456667
1.2854001
1.3353884
1.31776953333
1.2742949
1.30326546667
1.29332986667
1.33611213333
1.32640313333
1.3074046
1.28352836667
1.3433067
1.3108481
1.3097205
1.3132241
1.30415636667
1.31164123333
1.29720583333
1.28048916667
1.2913219
1.30060413333
1.34513316667
1.2842826
1.29736146667
1.30249556667
1.29752566667
1.29487203333
1.2857166
1.3128693
1.30637306667
1.2873286
1.31709016667
1.32526613333
1.31134723333
1.29716196667
1.31040876667
1.30372906667
1.33231106667
1.3059957
1.314521
1.33149413333
1.289166
1.3349198
1.3002464
1.2766987
1.31628836667
1.3021851
1.3115583
1.30437723333
1.2918542
1.2950558
1.29460803333
1.2834221
1.33743196667
1.33337976667
1.31281076667
1.2901855
1.31473556667
1.3040479
1.34373706667
1.29120443333
1.29973346667
1.29634723333
1.32129706667
1.28820143333
1.32846293333
1.315219
1.30982003333
1.3119763
1.29850663333
1.28682473333
1.35856963333
1.32302663333
1.30099106667
1.3023638
1.3046043
1.30348163333
1.3103309
1.32628946667
1.29966193333
1.30629606667
1.32883133333
1.32463456667
1.2989371
1.34275246667
1.3099386
1.28641606667
1.28884973333
1.29541106667
1.2838918
1.3111395
1.33571453333
1.29502143333
1.32657236667
1.3069599
1.35957066667
1.27265516667
1.34019093333
1.32274373333
1.3027236
1.34281026667
1.3170587
1.33455396667
1.3158335
1.32980093333
1.32447293333
1.32609036667
1.3208805
1.32688476667
1.31998486667
1.30234323333
1.31659026667
1.29940106667
1.2998508
1.3403355
1.29978463333
1.3192058
1.33185686667
1.3336234
1.29892503333
1.29168876667
1.33321536667
1.33907206667
1.2841265
1.30539646667
1.30012086667
1.31489526667
1.30823493333
1.3630717
1.32527523333
1.3486787
1.32247963333
1.3321773
1.31641306667
1.3089824
1.31922146667
1.31766436667
1.3060702
1.30958283333
1.29423266667
1.3313071
1.29202806667
1.34704786667
1.33316496667
1.3322597
1.3124677
1.33220583333
1.3428059
1.31460566667
1.31929813333
1.3071145
1.3175734
1.3396269
1.2919371
1.3314109
1.35458953333
1.35058766667
1.35519523333
1.29355423333
1.3228928
1.31353383333
1.31438713333
1.32044963333
1.33549206667
1.3285877
1.30228126667
1.33853886667
1.3340455
1.35361166667
1.36636733333
1.30999073333
1.33132036667
1.339977
1.311385
1.32760436667
1.34124083333
1.3110218
1.30361576667
1.3249742
1.3880786
1.33820256667
1.3617774
1.2968704
1.2876647
1.33813886667
1.33971923333
1.35529703333
1.31133756667
1.3115747
1.33724706667
1.36359393333
1.34376053333
1.3500366
1.3016551
1.35304433333
1.35794676667
1.33777126667
1.36701786667
1.34801286667
1.3566565
1.31772286667
1.30726393333
1.3348146
1.33692253333
1.34463176667
1.3033672
1.34285663333
1.34161643333
1.3735113
1.34024306667
1.37633993333
1.34338586667
1.31497036667
1.317315
1.35593356667
1.34904576667
1.34267273333
1.3385283
1.34532963333
1.34471026667
1.37543836667
1.3265702
1.316492
1.3305669
1.32351276667
1.3116614
1.39058
1.3413901
1.33524043333
1.37275106667
1.34868303333
1.3711701
1.31972286667
1.35003803333
1.30108046667
1.33803676667
1.34875386667
1.3109661
1.32533283333
1.37709093333
1.34903473333
1.33288356667
1.36259573333
1.3196105
1.3510109
1.3343409
1.3471696
1.33610576667
1.30979023333
1.34165883333
1.36932273333
1.35223103333
1.36182676667
1.33426996667
1.34989866667
1.3878193
1.33169393333
1.31470663333
1.3496614
1.35849853333
1.3767859
1.3540846
1.3592805
1.32907943333
1.33949603333
1.3745767
1.3514921
1.38441426667
1.34945153333
1.35723526667
1.3846427
1.36319926667
1.37312633333
1.36870506667
1.3272341
1.34183516667
1.35518606667
1.3333046
1.3898177
1.3415718
1.31042606667
1.33621896667
1.31408533333
1.34331053333
1.34454983333
1.35506056667
1.40965823333
1.38106423333
1.367867
1.36432106667
1.32336176667
1.38490613333
1.3490651
1.34693193333
1.37620176667
1.32672723333
1.3123041
1.38443156667
1.35234466667
1.3498145
1.34573583333
1.33645566667
1.36698186667
1.4138466
1.39343673333
1.40009013333
1.37438093333
1.37069276667
1.3579618
1.31654146667
1.35423036667
1.315967
1.37706003333
1.35829903333
1.3717614
1.3400727
1.3440695
1.35320003333
1.33235026667
1.34521113333
1.34231626667
1.3875585
1.35080126667
1.3559909
1.3670797
1.3524247
1.3853969
1.38851743333
1.35434966667
1.38281836667
1.33739086667
1.38521
1.40899916667
1.35735393333
1.3491216
1.38019436667
1.33389346667
1.37463
1.3740432
1.3789011
1.3331522
1.37246846667
1.32675456667
1.35549146667
1.3752225
1.3654526
1.39064126667
1.3719357
1.30165346667
1.35138756667
1.37250783333
1.3824297
1.34533896667
1.3331985
1.38887676667
1.3809268
1.3423871
1.31413663333
1.3368236
1.3594392
1.3848232
1.3458518
1.3676214
1.34593386667
1.34839363333
1.34192946667
1.37961793333
1.39298806667
1.34578503333
1.355411
1.3541253
1.35419516667
1.3318092
1.34564666667
1.362539
1.36074123333
1.3732956
1.32825103333
1.3779463
1.41929816667
1.3340342
1.36297353333
1.40687883333
1.32694366667
1.37680166667
1.37917413333
1.34541353333
1.31988116667
1.333501
1.3484518
1.35544656667
1.30913926667
1.38496666667
1.34047323333
1.35747993333
1.36723
1.34261896667
1.33813196667
1.32692186667
1.37081683333
1.36802643333
1.3568131
1.3519663
1.34998143333
1.37595606667
1.3456783
1.36768726667
1.35912633333
1.32452616667
1.34866673333
1.3551513
1.3237208
1.3681221
1.3444
1.3471425
1.3841012
1.3461528
1.383007
1.38102336667
1.3556444
1.36599136667
1.40266943333
1.38587703333
1.36014763333
1.35008213333
1.349413
1.3594179
1.36113356667
1.36267103333
1.34384423333
