[[1, 2.77591], [4, 2.419641], [450, 1.938449]]
[[1, 2.200554], [2, 2.45716], [4, 2.019687], [5, 1.895368], [495, 1.728056]]
[[1, 2.35389], [2, 1.834048], [3, 1.814875], [6, 2.144644], [188, 1.830931]]
[[1, 2.437351], [3, 1.909403], [4, 1.84194], [5, 1.992497], [8, 1.84714], [137, 1.816366], [398, 1.841085], [452, 1.806982]]
[[1, 2.169008], [5, 1.741651], [6, 1.963481], [269, 1.919843], [338, 1.770844], [450, 1.762867], [488, 1.729961]]
[[1, 2.226442], [2, 2.143825], [3, 1.956454], [6, 2.017027], [285, 1.808679], [340, 1.762576]]
[[1, 2.514536], [4, 1.928201], [155, 1.783042], [237, 1.887029], [281, 1.768854]]
[[1, 2.289941], [2, 1.915021], [5, 2.139604], [14, 1.814234], [344, 1.784598], [406, 2.018447]]
[[1, 2.098058], [3, 2.069345], [5, 2.013457], [11, 1.824729], [368, 2.142623]]
[[1, 2.288832], [4, 2.0118], [200, 1.85248], [315, 1.848836], [374, 1.932917]]
[[1, 2.196923], [3, 2.079017], [6, 1.832318], [142, 1.75861], [226, 1.790288], [281, 1.904506], [475, 1.848482]]
[[1, 2.318932], [3, 1.785866], [4, 1.807448], [6, 1.816451], [402, 1.812239], [442, 1.76355], [456, 1.788656], [467, 1.794334], [471, 1.849873]]
[[1, 2.07648], [2, 2.232737], [4, 1.91638], [5, 1.985879], [6, 1.952066], [155, 1.823165], [331, 1.84092]]
[[1, 2.368195], [2, 2.154505], [3, 1.737283], [4, 1.681922], [5, 1.795898], [6, 1.726801], [409, 1.705576], [410, 1.81625], [492, 1.884229]]
[[1, 2.222817], [3, 1.893409], [4, 1.87474], [6, 1.844304], [8, 1.868977], [298, 1.916341], [331, 1.829178], [358, 1.885375], [383, 1.815566], [408, 1.804289]]
[[1, 2.34756], [2, 2.10556], [5, 1.806518], [8, 1.904588], [289, 1.761765], [450, 1.992535]]
[[1, 2.048462], [3, 1.880951], [4, 2.17725], [6, 1.798474], [265, 1.821082], [399, 1.959157]]
[[1, 2.50692], [3, 1.868301], [4, 1.788594], [5, 1.915064], [6, 1.749174], [7, 2.021896], [8, 1.735978], [56, 1.752946], [478, 1.731035]]
[[1, 2.357317], [2, 1.855634], [4, 1.934858], [6, 1.889475], [7, 1.895401], [326, 1.789917]]
[[1, 2.418726], [2, 2.348947], [4, 2.189593], [6, 2.01393], [9, 1.82717]]
[[1, 2.398465], [3, 1.865961], [5, 2.105022], [6, 2.160073]]
[[1, 2.196588], [4, 1.913664], [5, 3.016293], [441, 1.86166]]
[[1, 2.088213], [3, 1.889685], [5, 1.905473], [32, 1.842405], [384, 1.863607], [425, 1.908806]]
[[1, 2.45154], [2, 1.714169], [4, 2.021123], [10, 1.714136], [438, 1.959607], [450, 1.721577], [474, 1.775461]]
[[1, 2.394969], [2, 1.857561], [3, 1.772004], [6, 1.930941], [7, 1.905601], [403, 1.781144]]
[[1, 2.178248], [4, 1.872094], [7, 1.852467], [8, 1.925889], [13, 1.779409], [444, 1.801667], [483, 1.788214]]
[[1, 2.321677], [2, 1.81041], [3, 1.875976], [254, 1.711644], [346, 1.812671], [373, 1.74749]]
[[1, 2.41631], [3, 1.927131], [4, 1.804088], [5, 1.782747], [6, 1.983998], [7, 1.951051], [33, 1.867283], [363, 1.76966], [375, 1.836103], [478, 1.777663]]
[[1, 2.080718], [3, 1.889454], [4, 2.116987], [5, 1.872938], [6, 1.957744], [333, 1.827366], [431, 1.980633], [492, 1.877069]]
[[1, 2.326075], [2, 2.105878], [5, 1.937989], [8, 1.875658], [252, 1.828488], [261, 1.801674], [421, 1.796391], [461, 1.835292]]
