first at GeneralizedLinearAlgorithm.scala:246	count at DataValidators.scala:40	count at GradientDescent.scala:209	treeAggregate at GradientDescent.scala:239
[8.194273, 12.682379, 0.190586, 670.3426620000005]
[7.470956, 12.360986, 0.213714, 642.8326070000005]
[7.612635, 12.211961, 0.147451, 688.3448549999999]
[7.541655, 12.871017, 0.154494, 683.1372269999999]
[7.816468, 12.3162, 0.204355, 673.2529699999997]
[7.343092, 12.496629, 0.173005, 667.8842860000002]
[7.358464, 12.521623, 0.137628, 669.64671]
[7.679663, 12.112368, 0.157097, 676.1171689999992]
[7.553107, 12.435027, 0.168569, 665.4068390000003]
[7.518242, 12.371206, 0.307012, 675.5301630000006]
[7.988613, 12.063125, 0.22531, 663.8745729999993]
[7.365996, 12.451708, 0.344734, 674.2696869999994]
[7.607214, 12.40648, 0.156475, 690.078628]
[7.762166, 12.246716, 0.187853, 649.2674799999996]
[7.808586, 12.187425, 0.1756, 679.0464979999996]
[7.771536, 12.190338, 0.22557, 671.4208279999999]
[7.51606, 12.609962, 0.175867, 687.7852800000002]
[7.702434, 12.572142, 0.141845, 661.9323099999997]
[7.697547, 12.423523, 0.160505, 675.2554199999998]
[7.475232, 12.633688, 0.170055, 671.1482689999996]
[7.810583, 12.41982, 0.17621, 685.2269119999999]
[7.680214, 12.272636, 0.191979, 679.841915]
[7.667524, 12.398948, 0.191772, 698.6569789999993]
[7.625153, 12.482371, 0.199778, 657.4903310000003]
[7.638826, 12.366104, 0.28742, 664.1054099999994]
[7.550954, 12.312668, 0.196985, 670.5320609999997]
[7.585907, 12.263097, 0.185834, 664.8315799999999]
[7.557771, 12.626826, 0.162643, 680.7629940000003]
[7.793724, 11.98854, 0.1915, 675.6518540000006]
[7.512143, 12.479547, 0.29298, 683.6323269999996]
