[1.340685324000001, 0.14534518249653477, [(0, 2.77591), (3, 2.419641), (449, 1.938449), (410, 1.72063), (28, 1.71624), (396, 1.685804), (4, 1.667173), (340, 1.664683), (5, 1.663707), (331, 1.647926)]]
[1.285665214000001, 0.12790976640275833, [(1, 2.45716), (0, 2.200554), (3, 2.019687), (4, 1.895368), (494, 1.728056), (260, 1.617998), (9, 1.607492), (5, 1.595535), (24, 1.570938), (21, 1.567034)]]
[1.37668971, 0.14353294806155797, [(0, 2.35389), (5, 2.144644), (1, 1.834048), (187, 1.830931), (2, 1.814875), (238, 1.779795), (490, 1.751579), (229, 1.751491), (438, 1.73875), (476, 1.73273)]]
[1.3662744539999998, 0.13683098296138885, [(0, 2.437351), (4, 1.992497), (2, 1.909403), (7, 1.84714), (3, 1.84194), (397, 1.841085), (136, 1.816366), (451, 1.806982), (318, 1.727704), (329, 1.724079)]]
[1.3465059399999992, 0.1273023791690807, [(0, 2.169008), (5, 1.963481), (268, 1.919843), (337, 1.770844), (449, 1.762867), (4, 1.741651), (487, 1.729961), (402, 1.696991), (303, 1.695789), (331, 1.69426)]]
[1.3357685720000003, 0.14048720616279906, [(0, 2.226442), (1, 2.143825), (5, 2.017027), (2, 1.956454), (284, 1.808679), (339, 1.762576), (319, 1.734665), (4, 1.707793), (10, 1.706742), (364, 1.680691)]]
[1.33929342, 0.13268227327461501, [(0, 2.514536), (3, 1.928201), (236, 1.887029), (154, 1.783042), (280, 1.768854), (309, 1.732867), (1, 1.666631), (4, 1.642301), (221, 1.641507), (334, 1.639442)]]
[1.3522343379999984, 0.14170887630394835, [(0, 2.289941), (4, 2.139604), (405, 2.018447), (1, 1.915021), (13, 1.814234), (343, 1.784598), (492, 1.739978), (489, 1.735877), (265, 1.732066), (430, 1.723028)]]
[1.3308136780000006, 0.1347977670146739, [(367, 2.142623), (0, 2.098058), (2, 2.069345), (4, 2.013457), (10, 1.824729), (3, 1.704245), (399, 1.695384), (445, 1.691881), (1, 1.687911), (375, 1.671538)]]
[1.3510603260000011, 0.12740890539642719, [(0, 2.288832), (3, 2.0118), (373, 1.932917), (199, 1.85248), (314, 1.848836), (2, 1.717411), (214, 1.716087), (160, 1.700905), (449, 1.671223), (303, 1.66619)]]
[1.3277491459999986, 0.13594766590027463, [(0, 2.196923), (2, 2.079017), (280, 1.904506), (474, 1.848482), (5, 1.832318), (225, 1.790288), (141, 1.75861), (213, 1.727975), (12, 1.712884), (499, 1.681308)]]
[1.348539373999999, 0.12766957803551368, [(0, 2.318932), (470, 1.849873), (5, 1.816451), (401, 1.812239), (3, 1.807448), (466, 1.794334), (455, 1.788656), (2, 1.785866), (441, 1.76355), (365, 1.727195)]]
[1.380157256, 0.13955399879816585, [(1, 2.232737), (0, 2.07648), (4, 1.985879), (5, 1.952066), (3, 1.91638), (330, 1.84092), (154, 1.823165), (349, 1.765199), (6, 1.751514), (225, 1.724951)]]
[1.2985349599999993, 0.12663113093939582, [(0, 2.368195), (1, 2.154505), (491, 1.884229), (409, 1.81625), (4, 1.795898), (2, 1.737283), (5, 1.726801), (408, 1.705576), (3, 1.681922), (414, 1.673817)]]
[1.3580929959999992, 0.14821944596358463, [(0, 2.222817), (297, 1.916341), (2, 1.893409), (357, 1.885375), (3, 1.87474), (7, 1.868977), (5, 1.844304), (330, 1.829178), (382, 1.815566), (407, 1.804289)]]
[1.3428416559999998, 0.13399942335910875, [(0, 2.34756), (1, 2.10556), (449, 1.992535), (7, 1.904588), (4, 1.806518), (288, 1.761765), (471, 1.73627), (373, 1.718581), (309, 1.654586), (6, 1.650523)]]
[1.3755705600000003, 0.13917892583586924, [(3, 2.17725), (0, 2.048462), (398, 1.959157), (2, 1.880951), (264, 1.821082), (5, 1.798474), (430, 1.785396), (217, 1.744714), (11, 1.739944), (261, 1.736382)]]
[1.3238646199999993, 0.13157378785862933, [(0, 2.50692), (6, 2.021896), (4, 1.915064), (2, 1.868301), (3, 1.788594), (55, 1.752946), (5, 1.749174), (7, 1.735978), (477, 1.731035), (1, 1.714965)]]
[1.3505108399999997, 0.1451845339255473, [(0, 2.357317), (3, 1.934858), (6, 1.895401), (5, 1.889475), (1, 1.855634), (325, 1.789917), (2, 1.763951), (343, 1.75907), (282, 1.743928), (4, 1.736834)]]
[1.3422965379999992, 0.14073373394091607, [(0, 2.418726), (1, 2.348947), (3, 2.189593), (5, 2.01393), (8, 1.82717), (394, 1.753433), (2, 1.737229), (408, 1.728235), (7, 1.711618), (400, 1.671281)]]
[1.3704538239999997, 0.1382502582723701, [(0, 2.398465), (5, 2.160073), (4, 2.105022), (2, 1.865961), (287, 1.749126), (296, 1.743785), (373, 1.728616), (259, 1.700061), (6, 1.693451), (372, 1.690162)]]
[1.35968383, 0.15452853596744223, [(4, 3.016293), (0, 2.196588), (3, 1.913664), (440, 1.86166), (2, 1.80414), (278, 1.787974), (268, 1.776315), (5, 1.727599), (390, 1.722062), (11, 1.715922)]]
[1.3973139579999987, 0.13899558754212396, [(0, 2.088213), (424, 1.908806), (4, 1.905473), (2, 1.889685), (383, 1.863607), (31, 1.842405), (413, 1.80789), (22, 1.785996), (290, 1.769544), (9, 1.762741)]]
[1.3149806620000006, 0.12459535801744684, [(0, 2.45154), (3, 2.021123), (437, 1.959607), (473, 1.775461), (449, 1.721577), (1, 1.714169), (9, 1.714136), (373, 1.687801), (375, 1.672208), (451, 1.641457)]]
[1.328210819999999, 0.12959479497618567, [(0, 2.394969), (5, 1.930941), (6, 1.905601), (1, 1.857561), (402, 1.781144), (2, 1.772004), (4, 1.708869), (472, 1.706151), (425, 1.667473), (359, 1.646373)]]
[1.3410641219999992, 0.1362811230124081, [(0, 2.178248), (7, 1.925889), (3, 1.872094), (6, 1.852467), (443, 1.801667), (482, 1.788214), (12, 1.779409), (474, 1.746859), (454, 1.74633), (2, 1.739051)]]
[1.3296631599999997, 0.12093442275613012, [(0, 2.321677), (2, 1.875976), (345, 1.812671), (1, 1.81041), (372, 1.74749), (253, 1.711644), (376, 1.627582), (314, 1.626718), (356, 1.618406), (4, 1.608881)]]
[1.3615259880000006, 0.1358960926584126, [(0, 2.41631), (5, 1.983998), (6, 1.951051), (2, 1.927131), (32, 1.867283), (374, 1.836103), (3, 1.804088), (4, 1.782747), (477, 1.777663), (362, 1.76966)]]
[1.3513037080000012, 0.13977937958714343, [(3, 2.116987), (0, 2.080718), (430, 1.980633), (5, 1.957744), (2, 1.889454), (491, 1.877069), (4, 1.872938), (332, 1.827366), (6, 1.75033), (359, 1.738512)]]
[1.367264653999999, 0.14264546063421127, [(0, 2.326075), (1, 2.105878), (4, 1.937989), (7, 1.875658), (460, 1.835292), (251, 1.828488), (260, 1.801674), (420, 1.796391), (214, 1.781866), (257, 1.733873)]]
