[0.2232068060000002, 0.22873015999999988, 0.22491005399999991, 0.18713402400000012, 0.2255980219999999, 0.22558419999999998, 0.18691639000000027, 0.18719870800000007, 0.18413472000000003, 0.1923148100000001, 0.19003135399999993, 0.22006914600000002, 0.1885682399999999, 0.19135971800000004, 0.23575885600000018, 0.19924542000000003, 0.22358177399999996, 0.190044196, 0.1859660759999999, 0.1900840000000002, 0.19245848199999996, 0.19524371199999999, 0.1983359880000001, 0.19093538000000007, 0.20320299200000008, 0.22534974800000024, 0.19052325000000037, 0.1927535820000002, 0.19611924399999994, 0.19942328200000012]
[0.27084673333333337, 0.27918306666666665, 0.2713419, 0.23330063333333337, 0.2705527333333333, 0.2726661666666666, 0.23110400000000006, 0.2342521666666667, 0.22407493333333334, 0.23706653333333333, 0.23277219999999993, 0.2671961, 0.23137190000000002, 0.24112929999999996, 0.2926453, 0.25968669999999994, 0.2683171, 0.23538993333333336, 0.22913513333333327, 0.23516380000000003, 0.2401585333333333, 0.2424274333333334, 0.2382336333333333, 0.23531959999999996, 0.2438291666666667, 0.2787719666666666, 0.2403868666666667, 0.2385446, 0.24190056666666668, 0.24216433333333337]
[0.2201659595744682, 0.22550976170212764, 0.2219463191489361, 0.18418721914893624, 0.22272857234042556, 0.22257896808510635, 0.1840959042553193, 0.1841952957446809, 0.18158534468085094, 0.1894583170212767, 0.187303214893617, 0.2170610425531915, 0.18583609148936162, 0.18818293617021273, 0.23212780638297892, 0.19538746595744677, 0.2207263276595744, 0.18714978723404255, 0.1832106042553191, 0.18720656595744697, 0.18941379787234036, 0.19223198510638306, 0.19578932978723407, 0.1881023446808511, 0.2006098319148937, 0.22193981914893635, 0.18734046595744702, 0.18983075106383, 0.1931970319148937, 0.1966951297872342]
[0.023815831481860224, 0.02234750145735312, 0.02452635569878012, 0.023185313637029466, 0.020604793974934966, 0.021306674075322028, 0.023212276668304204, 0.0233492367658289, 0.02399619331705761, 0.024403645525984428, 0.02386846564026862, 0.0207053692630845, 0.03241909250590459, 0.02524145639978953, 0.027322598605975666, 0.031976661295444825, 0.020863433844382474, 0.02337089837540663, 0.022499198031179345, 0.024145451023329417, 0.025921396859461026, 0.02405709603832217, 0.024961535330260753, 0.023505454920924203, 0.02217199793216517, 0.021960599043388943, 0.024630695414695477, 0.024121382694018097, 0.023081349465671714, 0.023181716815164396]
[0.027315224297002495, 0.024119704390025646, 0.028509631867551944, 0.032013822383967556, 0.018699940693191752, 0.024434119063423493, 0.028909712761169618, 0.022677635519138435, 0.02328284090903761, 0.02802666076284429, 0.025873337456926576, 0.028803291947680797, 0.02192466037038355, 0.026901026694347557, 0.06269139774384255, 0.08229003549241751, 0.02265237768439919, 0.02617647556354539, 0.03170755686870596, 0.02858993789243575, 0.030393732174834265, 0.027736518136064266, 0.02393989942680536, 0.024338782305338667, 0.02538588606697736, 0.030827186708578445, 0.024658699762603504, 0.02349742844171109, 0.027200646065468535, 0.022132749078132053]
[0.020041468650383955, 0.01792498429456035, 0.0210157614893916, 0.01901907471094439, 0.017091150712043583, 0.017155749636195802, 0.019679154499692004, 0.019920304352535424, 0.021671366998982762, 0.021152317630159515, 0.02095930461984457, 0.015884281871346974, 0.03103207261689331, 0.02152692779753259, 0.017988004656140193, 0.02018605455558816, 0.01715870029234227, 0.019942398937553077, 0.018649643330249342, 0.020737610529553228, 0.022390644147785507, 0.02038148202642279, 0.02276347982250382, 0.020400817899757534, 0.019229319509303927, 0.016081012300200745, 0.020922423701742212, 0.021008457022031423, 0.019421786680882493, 0.020405370220933708]
0.2021594111333334
0.2486311011111111
0.1991931330496454
0.02402512240337642
0.02919036395095171
0.02005803751711658
