[[4, 0.300816], [6, 0.370552], [8, 0.31035], [9, 0.307358], [56, 0.412065], [70, 0.314858], [84, 0.307538], [235, 0.306569]]
[[2, 0.318287], [4, 0.304984], [7, 0.342252], [8, 0.312901], [9, 0.310901], [19, 0.313869], [42, 0.29746], [45, 0.324292], [82, 0.302357], [97, 0.296956], [116, 0.305602], [170, 0.303915], [371, 0.304839]]
[[5, 0.302092], [6, 0.358417], [17, 0.332569], [28, 0.318393], [41, 0.378458], [85, 0.304086], [139, 0.304463], [240, 0.37154], [285, 0.353587], [440, 0.325382]]
[[3, 0.263002], [4, 0.286733], [6, 0.282307], [15, 0.341535], [16, 0.265836], [27, 0.280481], [52, 0.267288], [80, 0.272215], [178, 0.267348], [433, 0.266207]]
[[2, 0.294512], [6, 0.321054], [8, 0.292206], [12, 0.287549], [16, 0.301537], [50, 0.294162], [88, 0.29576], [143, 0.287943], [186, 0.304224]]
[[1, 0.298647], [3, 0.295698], [6, 0.368278], [14, 0.291004], [17, 0.298261], [28, 0.298046], [82, 0.293198], [98, 0.304832], [263, 0.298465], [446, 0.296341]]
[[3, 0.267776], [6, 0.342822], [16, 0.261817], [28, 0.277883], [205, 0.263864], [371, 0.285241]]
[[1, 0.26581], [5, 0.300314], [11, 0.268469], [16, 0.27456], [27, 0.263101], [175, 0.275714]]
[[6, 0.281176], [16, 0.277388], [38, 0.290339], [129, 0.26053], [187, 0.273144]]
[[5, 0.293916], [16, 0.295641], [20, 0.296395], [26, 0.27764], [38, 0.29103], [73, 0.295235], [122, 0.270914], [298, 0.296598]]
[[1, 0.271965], [5, 0.305121], [6, 0.267161], [16, 0.29799], [47, 0.299814], [51, 0.301849], [93, 0.262389], [108, 0.270781], [173, 0.266176]]
[[3, 0.293706], [6, 0.373437], [11, 0.286692], [13, 0.296425], [16, 0.323388], [27, 0.282782], [187, 0.287836]]
[[6, 0.288338], [53, 0.643302], [68, 0.314729], [406, 0.287517]]
[[2, 0.272178], [6, 0.329401], [28, 0.28633], [39, 0.271834], [104, 0.273363], [162, 0.278787]]
[[1, 0.602063], [2, 0.319672], [6, 0.372817], [177, 0.321175]]
[[5, 0.304746], [8, 0.682604], [16, 0.2982], [285, 0.325468]]
[[2, 0.292327], [5, 0.294429], [6, 0.336562], [17, 0.309291], [96, 0.287561], [383, 0.31273]]
[[2, 0.268379], [5, 0.27644], [6, 0.282409], [9, 0.265565], [16, 0.318114], [27, 0.264059], [52, 0.275251], [66, 0.264416], [80, 0.269212], [96, 0.265687], [128, 0.264125], [218, 0.26473]]
[[1, 0.263798], [6, 0.289267], [16, 0.363142], [63, 0.272482], [89, 0.257678], [130, 0.253527]]
[[6, 0.363871], [40, 0.301272], [52, 0.28323], [136, 0.277864], [231, 0.272675]]
[[5, 0.326731], [16, 0.324242], [27, 0.277225], [63, 0.294886], [66, 0.280238], [80, 0.274589], [216, 0.270485], [256, 0.270913]]
[[1, 0.295178], [5, 0.319934], [15, 0.293738], [16, 0.267604], [26, 0.290696], [49, 0.286359], [64, 0.278524], [108, 0.277049], [124, 0.28424], [229, 0.271592]]
[[5, 0.331415], [16, 0.278299], [27, 0.274382], [100, 0.309715], [457, 0.404406]]
[[5, 0.297883], [16, 0.305528], [17, 0.262665], [27, 0.270563], [67, 0.265673], [90, 0.267763], [145, 0.262685]]
[[5, 0.274999], [6, 0.276624], [7, 0.27044], [16, 0.325324], [27, 0.289212], [40, 0.276558], [144, 0.284509]]
[[1, 0.314031], [4, 0.321754], [6, 0.379837], [8, 0.30427], [11, 0.302821], [18, 0.300052], [27, 0.332335], [102, 0.291491]]
[[5, 0.2998], [10, 0.270504], [16, 0.2869], [24, 0.267737], [27, 0.271069], [65, 0.292037], [70, 0.265235], [125, 0.270461], [211, 0.296504], [497, 0.274961]]
[[5, 0.275277], [16, 0.306641], [26, 0.269227], [54, 0.271152], [283, 0.271282]]
[[4, 0.2678], [6, 0.321979], [16, 0.270494], [27, 0.300347], [30, 0.292487], [369, 0.270401]]
[[5, 0.309922], [27, 0.280668], [39, 0.272115], [93, 0.306342], [110, 0.275483], [143, 0.27525]]
