0.274021933333
0.261791333333
0.260051766667
0.258446466667
0.280515466667
0.2965938
0.2506689
0.263133433333
0.248012833333
0.244406833333
0.2518252
0.241340133333
0.241070366667
0.236131733333
0.245621066667
0.284002633333
0.247999366667
0.2352667
0.234909833333
0.237004633333
0.232262333333
0.232834066667
0.228444766667
0.235127466667
0.229859266667
0.247993633333
0.260688433333
0.243837266667
0.2282807
0.226790666667
0.228712266667
0.228056233333
0.225060333333
0.223827666667
0.220032833333
0.221246133333
0.224704066667
0.232062933333
0.238299766667
0.2368358
0.2277616
0.218409033333
0.217195933333
0.220789133333
0.2198491
0.217186
0.223162366667
0.2160075
0.217999833333
0.222756633333
0.232945933333
0.2321564
0.237817266667
0.222083366667
0.2133799
0.222165866667
0.2142284
0.2106225
0.212377366667
0.212205433333
0.2169113
0.217380033333
0.225726166667
0.2258219
0.2228496
0.230467433333
0.221554866667
0.2177909
0.219393033333
0.220221766667
0.217929466667
0.209330366667
0.2143018
0.214790766667
0.214392233333
0.217215833333
0.214003566667
0.211514866667
0.214992633333
0.2219458
0.2153292
0.218766333333
0.214485433333
0.210977733333
0.2124771
0.205779166667
0.209101566667
0.2101871
0.211482233333
0.216143033333
0.2087876
0.2037712
0.220721066667
0.214199533333
0.211362
0.2215017
0.209978466667
0.2114621
0.2097103
0.212049833333
0.2102841
0.213290566667
0.2081941
0.2060299
0.207820533333
0.204109733333
0.207481766667
0.2086932
0.2048309
0.209837233333
0.214488533333
0.208864033333
0.206048766667
0.206961466667
0.210142166667
0.215680666667
0.204057266667
0.20594
0.206974533333
0.2049829
0.204756133333
0.204677333333
0.198338566667
0.2014869
0.204366433333
0.2043887
0.207541833333
0.2144051
0.212109566667
0.2079156
0.203492233333
0.203145466667
0.208589266667
0.201459266667
0.199510866667
0.208055466667
0.204375466667
0.2004208
0.203051266667
0.206945866667
0.2041417
0.2068856
0.212312233333
0.2186
0.210855366667
0.205245066667
0.199975366667
0.211050766667
0.2047441
0.203603066667
0.2016564
0.205071233333
0.200287033333
0.197216133333
0.199258866667
0.197128466667
0.204077733333
0.209990466667
0.209210533333
0.2045598
0.204618266667
0.2127181
0.204764
0.197838233333
0.1974773
0.203671666667
0.202758466667
0.2006975
0.201898433333
0.2048793
0.195519
0.2035808
0.212023
0.1956265
0.204045266667
0.201917233333
0.200839333333
0.2028282
0.205525766667
0.201457733333
0.1969653
0.198645733333
0.1968926
0.197016366667
0.195974233333
0.202628433333
0.205294766667
0.198207066667
0.198664666667
0.200153566667
0.196555666667
0.2000269
0.206514433333
0.1966163
0.1966049
0.204748433333
0.1998074
0.202771366667
0.204504666667
0.198380466667
0.194400166667
0.196380366667
0.2047639
0.2007156
0.1997735
0.1996722
0.193601033333
0.200975
0.199712233333
0.205943033333
0.198089
0.1937613
0.1968404
0.197903466667
0.200947533333
0.205548366667
0.204608866667
0.2046072
0.201869566667
0.193199466667
0.192719166667
0.197988566667
0.195897866667
0.1991792
0.195135033333
0.1990241
0.197829766667
0.194508166667
0.199438033333
0.200203766667
0.199170733333
0.193563833333
0.196771
0.200194666667
0.199272966667
0.201533633333
0.199419766667
0.194930766667
0.194379666667
0.203816733333
0.194274766667
0.1950411
0.197355333333
0.1915097
0.1957757
0.196669
0.201141733333
0.194904666667
0.1917253
0.1963365
0.197585833333
0.194311733333
0.1987332
0.1993109
0.199286066667
0.196688066667
0.1972711
0.1954754
0.192924266667
0.192381466667
0.1942662
0.1940322
0.196241066667
0.1981788
0.190124233333
0.197309
0.1998301
0.196273566667
0.193888666667
0.2013178
0.197008833333
0.1918919
0.199264333333
0.1958759
0.195025433333
0.190457566667
0.197196266667
0.200023066667
0.194672366667
0.196099466667
0.1949906
0.192763966667
0.1960346
0.1975338
0.202516566667
0.192369966667
0.193638033333
0.193659333333
0.1928757
0.198909266667
0.1952098
0.186175333333
0.191321266667
0.195856266667
0.1907842
0.194763933333
0.194086133333
0.198307733333
0.191940233333
0.196689
0.1890771
0.189629833333
0.191475666667
0.191713833333
0.1900567
0.194591233333
0.191966366667
0.193590866667
0.1900589
0.196307766667
0.192950566667
0.1920574
0.1914752
0.1928588
0.1926775
0.195946933333
0.199264266667
0.1978851
0.1908156
0.196114366667
0.1941317
0.1947064
0.188764333333
0.188250133333
0.193750666667
0.191253433333
0.191678766667
0.189457166667
0.193838333333
0.189905933333
0.1917987
0.190356766667
0.188234933333
0.203199966667
0.196518966667
0.1899719
0.1918443
0.193779733333
0.190200466667
0.188642933333
0.191566566667
0.196910633333
0.191499366667
0.191971133333
0.189346766667
0.192291366667
0.190641933333
0.194986766667
0.194421
0.1897583
0.195588766667
0.192192166667
0.190336166667
0.193405366667
0.187709566667
0.190466566667
0.1943612
0.1955313
0.1933202
0.191200233333
0.1929531
0.192005066667
0.1897188
0.1907868
0.196284533333
0.189826833333
0.188155066667
0.201299466667
0.1982033
0.187430066667
0.196314666667
0.195195466667
0.188519133333
0.1915617
0.1902773
0.187972066667
0.189988066667
0.195843033333
0.188210133333
0.193743233333
0.196785066667
0.191941866667
0.1919376
0.186638766667
0.195131833333
0.189832233333
0.195419766667
0.193338666667
0.1903503
0.190639666667
0.196072333333
0.190448133333
0.190736633333
0.188415433333
0.188260333333
0.185979333333
0.190823433333
0.190193733333
0.189181066667
0.190691866667
0.190601766667
0.1913604
0.185004
0.186896933333
0.191993766667
0.1909633
0.187810466667
0.186880433333
0.194311866667
0.188039633333
0.189237066667
0.191264766667
0.190268933333
0.194548733333
0.190457366667
0.191581266667
0.192206733333
0.190561166667
0.188579566667
0.188466966667
0.185755533333
0.1900291
0.196713
0.1918329
0.189307833333
0.188028833333
0.187028233333
0.191874
0.1957109
0.1907234
0.189065633333
0.198225366667
0.196073166667
0.183933266667
0.193968866667
0.191299266667
0.191552933333
0.190577566667
0.189216533333
0.194525766667
0.1891024
0.195730566667
0.190102966667
0.187935
0.191397833333
0.1914307
0.191399966667
0.194511666667
0.1983917
0.1892921
0.186527833333
0.190670233333
0.190782533333
0.188159533333
0.190727833333
0.1902357
0.195965233333
0.1887031
0.190616433333
0.1929106
0.1869049
0.1897801
0.1883304
0.1887065
0.1880481
0.186062633333
0.186219266667
0.189316533333
0.190133533333
0.191429133333
0.1887343
0.191481633333
0.188567933333
0.1860013
0.190502366667
0.1901022
0.1862569
0.1870439
0.1903685
0.1914042
0.1870219
0.186308
0.188193133333
0.190836633333
0.1915031
0.188007833333
0.1885358
0.188788666667
0.191260333333
0.187664433333
0.183921566667
0.185597633333
0.191913133333
0.189025866667
0.186209433333
0.188298933333
0.191761
0.188148533333
0.190519533333
0.190970366667
