0.0644698150584
0.0254238887103
0.0208122192917
0.0251809540311
0.0289692842815
0.0514420771777
0.0282784368443
0.0832926842885
0.0233260989839
0.0205370797503
0.0183031287151
0.0250895231438
0.021309453618
0.0251195245151
0.0291922147794
0.0285191486882
0.0339589869651
0.0266562432764
0.0259454125285
0.0267325148006
0.022733796661
0.020601936061
0.0244463556543
0.0248424780953
0.022641641635
0.0197978817495
0.0304818830113
0.0291851753143
0.0257033191425
0.0241518097725
0.0220196295941
0.0233971397421
0.0213166475731
0.024631985116
0.0194148453785
0.02006052534
0.0208360211828
0.0269958294173
0.0258161467777
0.0286221843033
0.0346086379118
0.025560390222
0.0221256487105
0.0187380517499
0.0274336952504
0.0199047567916
0.0245696126051
0.0199525252667
0.0247235168656
0.0269193656816
0.0263527832495
0.0293830066485
0.0789465141675
0.0255026360082
0.0215238794433
0.0401156202326
0.0217984229943
0.0231960410038
0.0202025338105
0.0189162365984
0.0245774902314
0.0242681751003
0.0317730629717
0.0241338061722
0.0238068552741
0.0260539722994
0.0235340550844
0.031155646273
0.0261676717631
0.0278929531431
0.0200821295662
0.0225455688307
0.0247995045023
0.0196823720482
0.0265878854151
0.0215543325314
0.0242310919725
0.0192627006271
0.0206230363663
0.0281799724218
0.0201248771084
0.0299069757463
0.0195158252976
0.0266976254798
0.0247405023694
0.0170492044332
0.0207488082416
0.0248001590739
0.0246697898865
0.0218617931401
0.0261310164257
0.0183567378464
0.0282223275687
0.022965242283
0.0183753806908
0.0275194104699
0.0253102998965
0.0277066634601
0.0255862511715
0.0273964512873
0.0216888651514
0.0272438774782
0.0175492254499
0.0229999726034
0.0217702029308
0.0189846909762
0.0213586335747
0.0272467065489
0.0210067376292
0.0266489326512
0.0260433542639
0.0248790225109
0.0183686997738
0.0262577848021
0.0288399473394
0.0306337118943
0.0194223132967
0.022788627383
0.0258393790686
0.0214557285239
0.0167099574919
0.0253380409679
0.0188259308219
0.0245250980757
0.0244911233262
0.0226476758913
0.0227267638613
0.0306412875908
0.0268022042361
0.0256311295948
0.026056480317
0.019869727837
0.0288995672735
0.0202751182272
0.0190728021062
0.0223976185278
0.0199849014187
0.0204073766441
0.0275784011791
0.0208898410346
0.0207137599084
0.0259792855914
0.0272373376179
0.0274854589289
0.0231184660989
0.0210915033934
0.0180409438066
0.0283046182141
0.0221066104071
0.021160724329
0.0218587976836
0.0201074896505
0.0192423086149
0.0212019318581
0.0222384018876
0.0196273331093
0.0274555722018
0.0282240565921
0.0231349001406
0.0186367129119
0.022698421086
0.0325005530326
0.0214360126127
0.0182924059483
0.0223237695505
0.0243697559656
0.0194485076784
0.0195229551908
0.0241831922206
0.0306211881199
0.0179080382994
0.0223106157414
0.0271136293538
0.0203961850808
0.0297913070419
0.0181226114724
0.030096811548
0.0309844415542
0.0246115419762
0.0245744203525
0.0200277665923
0.0248390032475
0.0195545214765
0.0254626823155
0.0218887371018
0.0285337055914
0.0314172527344
0.0211647749117
0.0222841729954
0.0214606710282
0.0186776585351
0.0269397991373
0.0239535053659
0.0189271214595
0.0203822501806
0.0252104326311
0.0206040500818
0.0288379199244
0.0187022717628
0.0201379412912
0.0223176235116
0.0239835286109
0.0243414875639
0.018636359735
0.0244571407878
0.0201950692355
0.0192285567225
0.0275989055737
0.0214778012215
0.0202954531188
0.0255576924297
0.022878417243
0.0175014699585
0.0205956783537
0.0221943987074
0.0288279544615
0.0285845318739
0.0233462575194
0.0246883929404
0.0185977490963
0.0227091920025
0.0267075443582
0.0207786659272
0.0239717479176
0.0229005634086
0.02247843751
0.0236295634445
0.0277577987601
0.0264895853654
0.0225625390676
0.024214168501
0.0243730900463
0.0246886996849
0.0234967723164
0.0276383079071
0.0298523040992
0.0201974859288
0.0230268293775
0.0194311123568
0.0387669146119
0.0214047180775
0.0214432573044
0.0240388241869
0.0193445520929
0.0234400237886
0.0210078883422
0.0248843374702
0.0238264443037
0.0190436768529
0.0189495556496
0.0197094782412
0.0196840777736
0.0207506058231
0.0205925272423
0.0265726178963
0.0298626379276
0.0196942881895
0.0196149604309
0.0201191790256
0.0197096755998
0.023678647652
0.0239190457591
0.0299209149169
0.0242369270871
0.0222169382629
0.0211660423005
0.0219455205078
0.0197043077383
0.0217868388228
0.0235841940409
0.0195798970411
0.0225060997159
0.025027996551
0.0194595254744
0.0208291698789
0.0232254176406
0.023557216355
0.0239600511281
0.0200793845963
0.024850080186
0.0203280638193
0.0205886464433
0.0253686875427
0.0208014943332
0.0449304920447
0.0238230175677
0.0183148905129
0.0230615498154
0.0245669997614
0.0235803128378
0.0217508795644
0.0179639605736
0.0231108864592
0.0245445532137
0.0178058361451
0.0284774510247
0.0214717324852
0.0297535218318
0.0204463753555
0.0215706248913
0.0170321641321
0.020502965371
0.0216419896487
0.0195444435021
0.0207916431997
0.0249879480346
0.0190725152012
0.0240479815005
0.0243109585295
0.0276905029191
0.0201179844843
0.0281739355795
0.0248135136977
0.0183265764568
0.026063841075
0.0278348953246
0.0235936465034
0.0182857444263
0.0218184999982
0.0216580953063
0.0176069225858
0.0226109505677
0.0265949412963
0.0183798339088
0.0230756086295
0.0214817209765
0.0203492793413
0.0233005215365
0.0279823162329
0.0167515787513
0.0191940716493
0.0203888484319
0.0225418478153
0.025941449432
0.0237078112887
0.0188448727799
0.0223965605963
0.0219266139397
0.0222986620671
0.0235389454889
0.0224717504684
0.0217560717816
0.0251573060793
0.0195765143233
0.0191311694148
0.0203901274861
0.01845256828
0.0227611500232
0.0218813792771
0.0247365630274
0.0269861877272
0.0224078030279
0.0189825523171
0.0189856070704
0.0177948170519
0.0223746743584
0.0199528864986
0.0203790889266
0.0224870413059
0.0212831979719
0.0214378914205
0.0236661623814
0.0227586188354
0.0192961586029
0.023698921743
0.0192157761732
0.0190109591919
0.0280191086733
0.0250627803913
0.0217807367214
0.0315430039336
0.0226448786421
0.0203091548023
0.0286963018316
0.0224852185463
0.0209750019816
0.02380017089
0.0242069874919
0.0200500420311
0.0254195742105
0.0235836669087
0.0189193056246
0.0318540655685
0.0198062166178
0.0229969776972
0.0225873129104
0.0269499639229
0.0185247589968
0.0177207550538
0.0254498218977
0.024611439082
0.0194844248375
0.0250770802307
0.0222384185164
0.0184267453671
0.0185939525731
0.0222643662769
0.0188182054953
0.0188399315355
0.0184150416684
0.0198617047769
0.0168624574061
0.0191141089826
0.020874074151
0.0211373764592
0.0284590386804
0.0207311523023
0.0187782744001
0.0267224217001
0.0219923152828
0.0234388940324
0.0214588567149
0.0235501738337
0.0261935772661
0.0222154775663
0.0212231936945
0.0229327287095
0.0212260672289
0.0180941797616
0.0227682664667
0.0203098293719
0.0211958157213
0.0261152985904
0.0228575460674
0.0188272928025
0.0227518388123
0.0232213670136
0.021370562103
0.0287162312921
0.0302374829537
0.0199889411767
0.0232005165797
0.0252120686644
0.0190217756566
0.0273438898693
0.0200143447356
0.0222445525435
0.0220376018442
0.0167094362357
0.0307560371523
0.0227132310172
0.0215927642799
0.0180967121479
0.0203450272057
0.0200161997793
0.0276256662112
0.0259289712812
0.0239577323264
0.0227469167466
0.0232120769864
0.0196482851501
0.0216148431403
0.0203443778978
0.0253062491422
0.0218569209803
0.0185590756202
0.0452809630424
0.0214165679002
0.020253795201
0.0234835559454
0.020804631674
0.0207680972926
0.0202231310708
0.019665208928
0.0225836627282
0.0250145804102
0.0214763914519
0.0222412950129
0.0253621934918
0.0218591917962
0.0211593115769
0.0225039404601
0.0234063028633
0.0237111950509
0.022646900969
0.0187925703677
0.0202699961443
0.0243218337951
0.0190602347061
0.0217679958584
0.0240454573442
0.0217888961079
0.0192064889586
0.0252539469634
0.0288744393162
0.0210319310242
0.0213007115787
0.0233495190476
0.0237441914095
0.0205209555117
0.0182701231754
0.0188853785197
0.0260822300717
0.0266659542422
0.0230419847072
0.0215076446424
0.0289228054621
0.0263279550462
0.022867730333
0.0196065287128
