[0.108781, 0.096483, 0.255748, 111.6034030000001, 0.015889, 0.057965, 0.064835, 0.174263]
[0.100288, 0.096115, 0.263553, 114.36507999999994, 0.015873, 0.05828, 0.06348, 0.180269]
[0.104034, 0.106239, 0.290339, 112.45502699999996, 0.015626, 0.065883, 0.059765, 0.177366]
[0.119813, 0.112844, 0.303024, 93.56701200000006, 0.015785, 0.057118, 0.0691, 0.142858]
[0.114632, 0.120168, 0.273295, 112.79901099999995, 0.016133, 0.054657, 0.068054, 0.231967]
[0.105065, 0.099571, 0.267352, 112.79209999999999, 0.015746, 0.05975, 0.064, 0.184493]
[0.105775, 0.123676, 0.27341, 93.45819500000013, 0.051237, 0.067954, 0.071001, 0.206497]
[0.096071, 0.11909, 0.262267, 93.59935400000003, 0.015254, 0.051892, 0.054066, 0.148769]
[0.101845, 0.163305, 0.309514, 92.06736000000001, 0.014863, 0.047165, 0.050446, 0.146336]
[0.100459, 0.156679, 0.244675, 96.15740500000005, 0.01671, 0.053193, 0.05605, 0.168188]
[0.09674, 0.108599, 0.254387, 95.01567699999997, 0.017251, 0.077569, 0.053882, 0.152489]
[0.102406, 0.103032, 0.623317, 110.03457300000001, 0.016296, 0.056944, 0.069008, 0.173035]
[0.104789, 0.116778, 0.277641, 94.28411999999994, 0.015072, 0.047515, 0.061196, 0.146217]
[0.109841, 0.141549, 0.262463, 95.67985900000002, 0.017419, 0.070151, 0.051724, 0.144689]
[0.107103, 0.10044, 0.300952, 117.87942800000009, 0.015462, 0.060186, 0.074698, 0.186006]
[0.103324, 0.103495, 0.276618, 99.62271000000001, 0.01551, 0.053465, 0.060053, 0.146185]
[0.097508, 0.105185, 0.29479, 111.79088699999998, 0.016422, 0.0593, 0.062874, 0.17859]
[0.106882, 0.105736, 0.257017, 95.022098, 0.014793, 0.328916, 0.076492, 0.189707]
[0.100429, 0.110125, 0.253872, 92.98303799999995, 0.014639, 0.046958, 0.06511, 0.14957]
[0.104098, 0.117624, 0.294182, 95.0420000000001, 0.01607, 0.050609, 0.055389, 0.174053]
[0.113596, 0.135664, 0.261309, 96.22924099999997, 0.01422, 0.054093, 0.049694, 0.146056]
[0.099173, 0.143054, 0.231343, 97.621856, 0.016633, 0.049561, 0.057493, 0.158796]
[0.108814, 0.149128, 0.236424, 99.16799400000005, 0.014594, 0.048766, 0.058432, 0.157503]
[0.100566, 0.106656, 0.268352, 95.46769000000003, 0.015218, 0.051492, 0.050678, 0.143214]
[0.108363, 0.107445, 0.267047, 101.60149600000004, 0.015347, 0.052306, 0.053549, 0.163855]
[0.097535, 0.103475, 0.248789, 112.67487400000012, 0.016748, 0.058275, 0.067123, 0.18105]
[0.108327, 0.106417, 0.304942, 95.26162500000018, 0.014759, 0.05586, 0.049616, 0.168773]
[0.114318, 0.105997, 0.24722, 96.3767910000001, 0.014887, 0.049756, 0.05517, 0.152543]
[0.104317, 0.102578, 0.269419, 98.05962199999998, 0.015428, 0.046894, 0.052299, 0.153237]
[0.103082, 0.104492, 0.253186, 99.71164100000006, 0.019374, 0.05207, 0.061649, 0.204274]
