[0.2232068060000002, 0.023815831481860224, [(55, 0.412065), (5, 0.370552), (69, 0.314858), (7, 0.31035), (83, 0.307538), (8, 0.307358), (234, 0.306569), (3, 0.300816), (6, 0.29423), (1, 0.293685)]]
[0.22873015999999988, 0.02234750145735312, [(6, 0.342252), (44, 0.324292), (1, 0.318287), (18, 0.313869), (7, 0.312901), (8, 0.310901), (115, 0.305602), (3, 0.304984), (370, 0.304839), (169, 0.303915)]]
[0.22491005399999991, 0.02452635569878012, [(40, 0.378458), (239, 0.37154), (5, 0.358417), (284, 0.353587), (16, 0.332569), (439, 0.325382), (27, 0.318393), (138, 0.304463), (84, 0.304086), (4, 0.302092)]]
[0.18713402400000012, 0.023185313637029466, [(14, 0.341535), (3, 0.286733), (5, 0.282307), (26, 0.280481), (79, 0.272215), (177, 0.267348), (51, 0.267288), (432, 0.266207), (15, 0.265836), (2, 0.263002)]]
[0.2255980219999999, 0.020604793974934966, [(5, 0.321054), (185, 0.304224), (15, 0.301537), (87, 0.29576), (1, 0.294512), (49, 0.294162), (7, 0.292206), (142, 0.287943), (11, 0.287549), (2, 0.286889)]]
[0.22558419999999998, 0.021306674075322028, [(5, 0.368278), (97, 0.304832), (0, 0.298647), (262, 0.298465), (16, 0.298261), (27, 0.298046), (445, 0.296341), (2, 0.295698), (81, 0.293198), (13, 0.291004)]]
[0.18691639000000027, 0.023212276668304204, [(5, 0.342822), (370, 0.285241), (27, 0.277883), (2, 0.267776), (204, 0.263864), (15, 0.261817), (52, 0.251832), (37, 0.250083), (67, 0.249111), (0, 0.247894)]]
[0.18719870800000007, 0.0233492367658289, [(4, 0.300314), (174, 0.275714), (15, 0.27456), (10, 0.268469), (0, 0.26581), (26, 0.263101), (349, 0.252488), (6, 0.251727), (25, 0.251707), (416, 0.250847)]]
[0.18413472000000003, 0.02399619331705761, [(37, 0.290339), (5, 0.281176), (15, 0.277388), (186, 0.273144), (128, 0.26053), (0, 0.255995), (367, 0.255795), (61, 0.25236), (74, 0.252203), (26, 0.252034)]]
[0.1923148100000001, 0.024403645525984428, [(297, 0.296598), (19, 0.296395), (15, 0.295641), (72, 0.295235), (4, 0.293916), (37, 0.29103), (25, 0.27764), (121, 0.270914), (0, 0.265171), (3, 0.263408)]]
[0.19003135399999993, 0.02386846564026862, [(4, 0.305121), (50, 0.301849), (46, 0.299814), (15, 0.29799), (0, 0.271965), (107, 0.270781), (5, 0.267161), (172, 0.266176), (92, 0.262389), (284, 0.258466)]]
[0.22006914600000002, 0.0207053692630845, [(5, 0.373437), (15, 0.323388), (12, 0.296425), (2, 0.293706), (186, 0.287836), (10, 0.286692), (26, 0.282782), (7, 0.281408), (68, 0.277838), (373, 0.274404)]]
[0.1885682399999999, 0.03241909250590459, [(52, 0.643302), (67, 0.314729), (5, 0.288338), (405, 0.287517), (16, 0.275838), (483, 0.263369), (244, 0.26233), (81, 0.262245), (118, 0.260237), (456, 0.257826)]]
[0.19135971800000004, 0.02524145639978953, [(5, 0.329401), (27, 0.28633), (161, 0.278787), (103, 0.273363), (1, 0.272178), (38, 0.271834), (0, 0.26617), (192, 0.265307), (12, 0.263153), (16, 0.259479)]]
[0.23575885600000018, 0.027322598605975666, [(0, 0.602063), (5, 0.372817), (176, 0.321175), (1, 0.319672), (16, 0.310805), (26, 0.308293), (4, 0.306174), (6, 0.30404), (76, 0.298664), (9, 0.297093)]]
[0.19924542000000003, 0.031976661295444825, [(7, 0.682604), (284, 0.325468), (4, 0.304746), (15, 0.2982), (65, 0.294316), (23, 0.287625), (26, 0.282838), (1, 0.275062), (51, 0.271121), (161, 0.26546)]]
[0.22358177399999996, 0.020863433844382474, [(5, 0.336562), (382, 0.31273), (16, 0.309291), (4, 0.294429), (1, 0.292327), (95, 0.287561), (7, 0.285229), (22, 0.284074), (178, 0.283025), (15, 0.282075)]]
[0.190044196, 0.02337089837540663, [(15, 0.318114), (5, 0.282409), (4, 0.27644), (51, 0.275251), (79, 0.269212), (1, 0.268379), (95, 0.265687), (8, 0.265565), (217, 0.26473), (65, 0.264416)]]
[0.1859660759999999, 0.022499198031179345, [(15, 0.363142), (5, 0.289267), (62, 0.272482), (0, 0.263798), (88, 0.257678), (129, 0.253527), (26, 0.247), (269, 0.245041), (23, 0.244324), (50, 0.242635)]]
[0.1900840000000002, 0.024145451023329417, [(5, 0.363871), (39, 0.301272), (51, 0.28323), (135, 0.277864), (230, 0.272675), (70, 0.261794), (27, 0.261616), (16, 0.261286), (408, 0.257869), (106, 0.253377)]]
[0.19245848199999996, 0.025921396859461026, [(4, 0.326731), (15, 0.324242), (62, 0.294886), (65, 0.280238), (26, 0.277225), (79, 0.274589), (255, 0.270913), (215, 0.270485), (0, 0.26866), (143, 0.26498)]]
[0.19524371199999999, 0.02405709603832217, [(4, 0.319934), (0, 0.295178), (14, 0.293738), (25, 0.290696), (48, 0.286359), (123, 0.28424), (63, 0.278524), (107, 0.277049), (228, 0.271592), (15, 0.267604)]]
[0.1983359880000001, 0.024961535330260753, [(456, 0.404406), (4, 0.331415), (99, 0.309715), (15, 0.278299), (26, 0.274382), (38, 0.273087), (51, 0.270094), (141, 0.265967), (79, 0.265349), (1, 0.26421)]]
[0.19093538000000007, 0.023505454920924203, [(15, 0.305528), (4, 0.297883), (26, 0.270563), (89, 0.267763), (66, 0.265673), (144, 0.262685), (16, 0.262665), (2, 0.259157), (52, 0.258427), (95, 0.257841)]]
[0.20320299200000008, 0.02217199793216517, [(15, 0.325324), (26, 0.289212), (143, 0.284509), (5, 0.276624), (39, 0.276558), (4, 0.274999), (6, 0.27044), (17, 0.267553), (2, 0.266462), (51, 0.265755)]]
[0.22534974800000024, 0.021960599043388943, [(5, 0.379837), (26, 0.332335), (3, 0.321754), (0, 0.314031), (7, 0.30427), (10, 0.302821), (17, 0.300052), (101, 0.291491), (19, 0.289247), (14, 0.288647)]]
[0.19052325000000037, 0.024630695414695477, [(4, 0.2998), (210, 0.296504), (64, 0.292037), (15, 0.2869), (496, 0.274961), (26, 0.271069), (9, 0.270504), (124, 0.270461), (23, 0.267737), (69, 0.265235)]]
[0.1927535820000002, 0.024121382694018097, [(15, 0.306641), (4, 0.275277), (282, 0.271282), (53, 0.271152), (25, 0.269227), (26, 0.262247), (73, 0.261478), (48, 0.26013), (19, 0.259691), (0, 0.25921)]]
[0.19611924399999994, 0.023081349465671714, [(5, 0.321979), (26, 0.300347), (29, 0.292487), (15, 0.270494), (368, 0.270401), (3, 0.2678), (31, 0.263946), (128, 0.261937), (115, 0.26133), (0, 0.261032)]]
[0.19942328200000012, 0.023181716815164396, [(4, 0.309922), (92, 0.306342), (26, 0.280668), (109, 0.275483), (142, 0.27525), (38, 0.272115), (15, 0.267133), (2, 0.265996), (1, 0.265048), (195, 0.263647)]]
