[1.079757, 0.369886, 0.369256, 0.268871, 0.268499]
[0.937886, 0.424949, 0.354644, 0.267119, 0.268545]
[0.913345, 0.378076, 0.349515, 0.288023, 0.316206]
[0.889023, 0.411984, 0.381973, 0.293974, 0.253575]
[0.924538, 0.397121, 0.409079, 0.373613, 0.302949]
[0.916289, 0.326013, 0.367528, 0.315931, 0.277192]
[0.902482, 0.395121, 0.442519, 0.349058, 0.296207]
[0.863944, 0.378021, 0.345914, 0.323878, 0.258184]
[0.925478, 0.367489, 0.344441, 0.294689, 0.321303]
[0.949688, 0.389768, 0.367836, 0.262156, 0.340917]
[0.92717, 0.366131, 0.372155, 0.366276, 0.290886]
[0.931559, 0.449297, 0.318177, 0.303457, 0.279855]
[0.931631, 0.399486, 0.361428, 0.318494, 0.290308]
[0.887103, 0.395059, 0.34843, 0.272757, 0.310834]
[0.89253, 0.401708, 0.336701, 0.28204, 0.356203]
[0.928741, 0.418801, 0.311554, 0.263157, 0.275559]
[0.90707, 0.332423, 0.365839, 0.340437, 0.294429]
[0.940873, 0.380775, 0.345028, 0.340206, 0.28224]
[0.906198, 0.371725, 0.368898, 0.344317, 0.317804]
[0.937393, 0.345181, 0.342057, 0.280507, 0.321692]
[0.866233, 0.362546, 0.366246, 0.360049, 0.315715]
[0.894933, 0.384637, 0.344089, 0.340064, 0.282955]
[0.900107, 0.403851, 0.354226, 0.361356, 0.302644]
[0.874251, 0.360688, 0.381693, 0.33787, 0.309496]
[0.900171, 0.403928, 0.370312, 0.32084, 0.30596]
[0.911044, 0.432803, 0.281283, 0.30386, 0.328187]
[0.912549, 0.429769, 0.329198, 0.317511, 0.279099]
[0.965542, 0.356609, 0.364637, 0.341488, 0.29902]
