first at GeneralizedLinearAlgorithm.scala:246	count at DataValidators.scala:40	count at GradientDescent.scala:209	treeAggregate at GradientDescent.scala:239
[4.288285, 11.688108, 0.333608, 2.3562689999999997]
[4.117177, 11.001866, 0.36611, 2.253143]
[4.363065, 10.935089, 0.267054, 2.245165]
[7.336933, 10.874511, 0.26119, 2.230529]
[7.201715, 10.760662, 0.386011, 2.4072999999999998]
[7.137957, 10.12086, 0.322498, 2.202953]
[7.2822, 10.379823, 0.261023, 2.3853869999999997]
[7.047727, 10.947354, 0.266707, 2.169941]
[7.252358, 9.364666, 0.311003, 2.2534]
[7.034122, 10.379559, 0.36665, 2.310365]
[7.110879, 9.828756, 0.286843, 2.322618]
[6.888859, 12.179414, 0.327544, 2.282345]
[7.327913, 9.517619, 0.304199, 2.301347]
[7.224048, 9.546291, 0.308119, 2.214183]
[7.222446, 13.713471, 0.271138, 2.269182]
[7.290816, 9.086427, 0.30442, 2.197812]
[7.222958, 11.481538, 0.238534, 2.240198]
[7.229332, 11.790604, 0.286663, 2.289122]
[7.441719, 11.484657, 0.359471, 2.308942]
[7.15883, 10.071423, 0.351182, 2.22683]
[7.102075, 10.731018, 0.325857, 2.270789]
[7.341399, 10.903316, 0.26936, 2.2466779999999997]
[7.343913, 10.25964, 0.285984, 2.322184]
[7.229276, 11.235222, 0.226982, 2.263998]
[7.102258, 10.806987, 0.349563, 2.3012110000000003]
[7.118225, 10.723888, 0.32794, 2.257177]
[7.097056, 9.950994, 0.283206, 2.268126]
[6.971185, 10.490525, 0.360233, 2.327296]
