[0.47125379999999994, 0.3075787486647282, [(0, 1.079757), (1, 0.369886), (2, 0.369256), (3, 0.268871), (4, 0.268499)]]
[0.45062860000000005, 0.2506481477406925, [(0, 0.937886), (1, 0.424949), (2, 0.354644), (4, 0.268545), (3, 0.267119)]]
[0.449033, 0.23413312176879203, [(0, 0.913345), (1, 0.378076), (2, 0.349515), (4, 0.316206), (3, 0.288023)]]
[0.44610580000000005, 0.22876413741965762, [(0, 0.889023), (1, 0.411984), (2, 0.381973), (3, 0.293974), (4, 0.253575)]]
[0.48145999999999994, 0.22457397119702005, [(0, 0.924538), (2, 0.409079), (1, 0.397121), (3, 0.373613), (4, 0.302949)]]
[0.4405906, 0.23958057352682, [(0, 0.916289), (2, 0.367528), (1, 0.326013), (3, 0.315931), (4, 0.277192)]]
[0.47707739999999993, 0.2181665769934524, [(0, 0.902482), (2, 0.442519), (1, 0.395121), (3, 0.349058), (4, 0.296207)]]
[0.43398820000000005, 0.21853272295782158, [(0, 0.863944), (1, 0.378021), (2, 0.345914), (3, 0.323878), (4, 0.258184)]]
[0.45068, 0.2386261547341364, [(0, 0.925478), (1, 0.367489), (2, 0.344441), (4, 0.321303), (3, 0.294689)]]
[0.462073, 0.24759749459314, [(0, 0.949688), (1, 0.389768), (2, 0.367836), (4, 0.340917), (3, 0.262156)]]
[0.4645236, 0.2332626675973676, [(0, 0.92717), (2, 0.372155), (3, 0.366276), (1, 0.366131), (4, 0.290886)]]
[0.45646899999999996, 0.2447414145942611, [(0, 0.931559), (1, 0.449297), (2, 0.318177), (3, 0.303457), (4, 0.279855)]]
[0.46026939999999994, 0.23859301899225802, [(0, 0.931631), (1, 0.399486), (2, 0.361428), (3, 0.318494), (4, 0.290308)]]
[0.44283659999999997, 0.22579623384689124, [(0, 0.887103), (1, 0.395059), (2, 0.34843), (4, 0.310834), (3, 0.272757)]]
[0.4538364, 0.2226820291578106, [(0, 0.89253), (1, 0.401708), (4, 0.356203), (2, 0.336701), (3, 0.28204)]]
[0.43956239999999996, 0.2506507008804085, [(0, 0.928741), (1, 0.418801), (2, 0.311554), (4, 0.275559), (3, 0.263157)]]
[0.4480396, 0.2306545386153067, [(0, 0.90707), (2, 0.365839), (3, 0.340437), (1, 0.332423), (4, 0.294429)]]
[0.45782439999999996, 0.24358142679490155, [(0, 0.940873), (1, 0.380775), (2, 0.345028), (3, 0.340206), (4, 0.28224)]]
[0.4617884, 0.2230564826519059, [(0, 0.906198), (1, 0.371725), (2, 0.368898), (3, 0.344317), (4, 0.317804)]]
[0.44536600000000004, 0.24709273586732575, [(0, 0.937393), (1, 0.345181), (2, 0.342057), (4, 0.321692), (3, 0.280507)]]
[0.45415780000000006, 0.20685746399044924, [(0, 0.866233), (2, 0.366246), (1, 0.362546), (3, 0.360049), (4, 0.315715)]]
[0.44933559999999995, 0.22514110471577595, [(0, 0.894933), (1, 0.384637), (2, 0.344089), (3, 0.340064), (4, 0.282955)]]
[0.4644368, 0.2201945250122264, [(0, 0.900107), (1, 0.403851), (3, 0.361356), (2, 0.354226), (4, 0.302644)]]
[0.45279959999999997, 0.212088053746174, [(0, 0.874251), (2, 0.381693), (1, 0.360688), (3, 0.33787), (4, 0.309496)]]
[0.46024220000000005, 0.2227249647726092, [(0, 0.900171), (1, 0.403928), (2, 0.370312), (3, 0.32084), (4, 0.30596)]]
[0.4514354, 0.23558766416652635, [(0, 0.911044), (1, 0.432803), (4, 0.328187), (3, 0.30386), (2, 0.281283)]]
[0.4536252, 0.2347972617015795, [(0, 0.912549), (1, 0.429769), (2, 0.329198), (3, 0.317511), (4, 0.279099)]]
[0.4654592, 0.2510645951283454, [(0, 0.965542), (2, 0.364637), (1, 0.356609), (3, 0.341488), (4, 0.29902)]]
