[0.124425312, 0.124062934, 0.11315621799999996, 0.12131453000000013, 0.11580109999999993, 0.12299796799999994, 0.11583105199999995, 0.11796650199999983, 0.12244695200000004, 0.12186049199999996, 0.12147011600000003, 0.11974002000000009, 0.12264874800000003, 0.11758402799999995, 0.11939729800000012, 0.12002614999999994, 0.11626552000000004, 0.11484908600000007, 0.11940766199999991, 0.11689572200000004, 0.12516291599999996, 0.1202675660000001, 0.12563129199999992, 0.118105694, 0.12764768800000004, 0.12419441399999999, 0.11863308400000008, 0.12235516799999997, 0.1261367199999999, 0.12786648400000003]
[0.14819723333333334, 0.15025240000000004, 0.1391531, 0.14372590000000002, 0.14074293333333335, 0.14529339999999996, 0.13851393333333334, 0.14655936666666664, 0.14571336666666662, 0.14366129999999996, 0.1448191, 0.14513586666666667, 0.14796506666666662, 0.14417239999999998, 0.14492023333333334, 0.14157536666666665, 0.14119709999999996, 0.14058303333333333, 0.14484636666666667, 0.1416980333333333, 0.14898109999999998, 0.14341653333333332, 0.1514267, 0.14227263333333334, 0.15029346666666665, 0.14602326666666668, 0.14195799999999997, 0.1498362, 0.1503734333333333, 0.15190843333333331]
[0.12290795531914894, 0.12239126595744682, 0.11149684255319146, 0.11988401702127673, 0.11420906808510625, 0.12157485531914891, 0.11438320851063827, 0.11614142553191474, 0.12096186170212772, 0.12046895106382975, 0.11997975531914898, 0.11811900851063847, 0.12103281276595752, 0.11588689787234044, 0.1177681744680853, 0.11865066808510634, 0.1146741425531916, 0.11320649361702136, 0.11778391489361698, 0.11531259574468089, 0.12364260638297868, 0.11878997234042558, 0.12398477659574461, 0.11656312340425533, 0.12620221276595742, 0.12280108297872337, 0.11714425957446817, 0.12060105957446814, 0.12458969574468082, 0.12633189148936172]
[0.012496700647877263, 0.011341406053820849, 0.011824510205267532, 0.01106780425274589, 0.01111662649377049, 0.010921328896017001, 0.010653049744805283, 0.012448378961856679, 0.010895791951101857, 0.01151838830557192, 0.010538312158146771, 0.011818804088722348, 0.020131530422809303, 0.012474988384572394, 0.01031262551328206, 0.010491722755177051, 0.011709103087495641, 0.01162408028063313, 0.011457790043623425, 0.011562038574434701, 0.012276770261308306, 0.010627053046148027, 0.012325082152859509, 0.011840718812992895, 0.011627188941212575, 0.010598748378115405, 0.013181575189974218, 0.012619399771929564, 0.012380951278540754, 0.011558790118422606]
[0.015461360405180683, 0.01716467884076678, 0.02147049148692223, 0.013705512356590932, 0.014394088411412358, 0.014129893034744928, 0.014044111909582923, 0.012868638136916, 0.017683362980465252, 0.012913539886878423, 0.016069373041804298, 0.020562694489022804, 0.017642881665482606, 0.023750061786024894, 0.014267488079974772, 0.011806818234910805, 0.019131184469952024, 0.01733637256460788, 0.018798829108011544, 0.01877057604955751, 0.019055161938173082, 0.014365781319355921, 0.020315990810442892, 0.015156223679803035, 0.013848172148297724, 0.012607255223172973, 0.017586077042175532, 0.019590761234826993, 0.017018368387683024, 0.01559553745292401]
[0.01060679346216694, 0.008453239712043347, 0.008568965132078957, 0.009177103282819695, 0.008717785870059867, 0.008966087420867692, 0.00855594741804513, 0.009938206068575747, 0.008341352763906915, 0.00991082481698292, 0.008040067908422552, 0.008821377960816956, 0.01917702274906442, 0.009030532248998857, 0.007477381315374947, 0.008756251940115053, 0.008960160513076987, 0.008921398353979308, 0.008553409861370301, 0.008829078782478723, 0.009931795174469661, 0.008401301109547113, 0.009490798706781411, 0.009738099394584858, 0.009836498368562393, 0.008775090261251712, 0.011320806183262927, 0.009676505066543079, 0.010232181159864195, 0.009346622231321532]
0.12080494786666668
0.1451738422222222
0.11924948652482274
0.011848041959107847
0.016570376205855494
0.009485089507914473
