0.1557822
0.1897584
0.173071166667
0.1588579
0.155288566667
0.1529676
0.152621466667
0.1488788
0.143104766667
0.143549966667
0.141311266667
0.139140433333
0.141106633333
0.137191566667
0.1378099
0.139708
0.138693666667
0.1405025
0.145687933333
0.151722833333
0.148821833333
0.140563033333
0.1369479
0.134020933333
0.136001
0.134065533333
0.135147
0.134039833333
0.135546133333
0.1333065
0.1337089
0.131256233333
0.131726966667
0.132968366667
0.135606766667
0.1319697
0.131847266667
0.135235466667
0.135825833333
0.1345563
0.141411233333
0.139091166667
0.1299535
0.129734133333
0.1261879
0.1292759
0.127520566667
0.130129666667
0.1249493
0.1267177
0.1271425
0.1259886
0.129374966667
0.129138033333
0.128187033333
0.123406966667
0.1258219
0.127868866667
0.1299865
0.130854766667
0.1408904
0.1323079
0.130939366667
0.1268758
0.124806733333
0.126415833333
0.129001366667
0.1288621
0.123617733333
0.1234012
0.124557866667
0.122952833333
0.12505
0.125945666667
0.126780966667
0.1254046
0.1241957
0.124569833333
0.126007566667
0.126515933333
0.129990033333
0.125056
0.126236966667
0.1299931
0.131411833333
0.1287625
0.129097433333
0.126654833333
0.124575066667
0.1234605
0.1227321
0.125117066667
0.122886566667
0.125652566667
0.1376902
0.121449
0.1249923
0.121388833333
0.121657933333
0.123657466667
0.1253397
0.125188733333
0.123408566667
0.124786866667
0.122389966667
0.123810933333
0.126347433333
0.125561666667
0.126118433333
0.126583733333
0.1253473
0.120472866667
0.120857966667
0.1228721
0.1207647
0.124550233333
0.1210158
0.121490133333
0.1219538
0.1204874
0.1222473
0.122235466667
0.123670466667
0.123552533333
0.121243766667
0.122992133333
0.122078433333
0.121361766667
0.1224741
0.1224811
0.1246296
0.1247462
0.1260684
0.1239999
0.124266366667
0.1221232
0.122102633333
0.123491533333
0.121963166667
0.120446266667
0.119709033333
0.1209255
0.118939433333
0.121361033333
0.122869033333
0.1223107
0.122882233333
0.119771366667
0.1200457
0.120416
0.121302033333
0.121298366667
0.121812133333
0.120906533333
0.122174033333
0.122682366667
0.123261733333
0.125711166667
0.1221814
0.123464766667
0.1217868
0.1195102
0.121159633333
0.119758566667
0.120035166667
0.121293266667
0.119199966667
0.117847533333
0.1203148
0.120580866667
0.1196977
0.119874466667
0.1199545
0.121698366667
0.1216951
0.120861866667
0.1198985
0.119906533333
0.120645333333
0.1197717
0.1208566
0.119666333333
0.118824566667
0.1209973
0.122518333333
0.1191638
0.1177428
0.120610066667
0.121733633333
0.1200842
0.1195104
0.1208768
0.119246433333
0.123271933333
0.122320566667
0.123281633333
0.1224874
0.1182835
0.120674833333
0.1204817
0.121521933333
0.118760366667
0.117190866667
0.118979
0.119287366667
0.1194722
0.1214313
0.119977766667
0.120830066667
0.118787866667
0.119674266667
0.122838733333
0.119470566667
0.118929566667
0.118278933333
0.1220478
0.119317733333
0.120030766667
0.1184537
0.1197051
0.119590466667
0.118132
0.119305633333
0.120794833333
0.120996566667
0.118547733333
0.120951366667
0.121256433333
0.118802966667
0.116505033333
0.1173097
0.1176354
0.117330433333
0.117174833333
0.118875133333
0.120808066667
0.118917966667
0.117358333333
0.1175195
0.1194492
0.120398966667
0.1192576
0.1179697
0.118982566667
0.1194306
0.119785533333
0.119266766667
0.118157733333
0.116550966667
0.119114633333
0.1207334
0.118639066667
0.119388766667
0.118406433333
0.118390866667
0.1188155
0.119381566667
0.118953833333
0.118763633333
0.116766066667
0.1160127
0.116804
0.119212966667
0.119232866667
0.1193887
0.119530366667
0.119104066667
0.116306533333
0.118649566667
0.116410933333
0.1177698
0.115752433333
0.116752133333
0.119336566667
0.1195004
0.122037733333
0.115394733333
0.117676833333
0.116512866667
0.116632966667
0.116583066667
0.118248466667
0.117079266667
0.116514333333
0.116644866667
0.1166332
0.1170232
0.117142866667
0.119241433333
0.1209252
0.1164725
0.118914266667
0.117350266667
0.1159755
0.116325433333
0.115774033333
0.116786633333
0.1171745
0.115316333333
0.118059133333
0.11553
0.119136933333
0.119966733333
0.115867933333
0.118085666667
0.118532566667
0.116427433333
0.116767766667
0.1188145
0.118074133333
0.115749933333
0.1172513
0.116813833333
0.1186677
0.117297033333
0.115927533333
0.114124833333
0.1173303
0.1178083
0.117481833333
0.117880966667
0.120487033333
0.1171201
0.1173435
0.116053866667
0.1195975
0.1166537
0.116620466667
0.118404633333
0.1163202
0.1158847
0.1150081
0.116336166667
0.1175255
0.117575166667
0.1148932
0.116581833333
0.1156635
0.114369966667
0.1162135
0.116117433333
0.116273366667
0.1155131
0.115367533333
0.115114566667
0.114761166667
0.115020166667
0.116552066667
0.1163668
0.117934133333
0.116988333333
0.115525633333
0.118683866667
0.118755166667
0.1169446
0.113473666667
0.1175146
0.115807766667
0.11917
0.1179116
0.117219633333
0.113779533333
0.113831
0.114906833333
0.113086566667
0.115663433333
0.1157605
0.1141483
0.116444866667
0.114224233333
0.1144935
0.115709566667
0.114647666667
0.114836366667
0.114362033333
0.112432933333
0.115703766667
0.115867566667
0.114490033333
0.1145345
0.1162348
0.118026366667
0.1158933
0.114630233333
0.1159057
0.114478233333
0.114959666667
0.114527233333
0.118141266667
0.116947733333
0.1157007
0.1144562
0.1178933
0.115609433333
0.114128466667
0.117749266667
0.115942533333
0.113862366667
0.112615866667
0.1126961
0.114928066667
0.113894733333
0.112041966667
0.112431466667
0.1143126
0.115460333333
0.1143155
0.113305766667
0.1150133
0.1193639
0.1144823
0.112226
0.113198166667
0.113151433333
0.114880833333
0.113658466667
0.115435933333
0.116680333333
0.115249066667
0.113941166667
0.116334233333
0.115913333333
0.1132925
0.1123515
0.118322966667
0.117266533333
0.112272266667
0.115532
0.1173245
0.1143431
0.113669066667
0.113522866667
0.1183932
0.1151465
0.1134928
0.115300466667
0.113672366667
0.1122993
0.117269566667
0.1132724
0.117226833333
0.113849366667
0.112544033333
0.112050733333
0.114259566667
0.113990266667
0.1141948
0.112874166667
0.114529066667
0.1140775
0.111999166667
0.1148616
0.115873033333
0.113142866667
0.112963666667
0.112865533333
0.1160262
0.115998966667
0.114110333333
0.113099666667
0.114681666667
0.112015
0.1128988
0.1143996
0.1146876
0.114403366667
0.114205566667
0.114034333333
0.115121533333
0.1138065
0.113124333333
0.1143329
0.1150776
0.113617733333
0.113797733333
0.1117953
0.114723933333
0.113203233333
0.112936533333
0.113723733333
0.1149911
0.113652966667
0.113987066667
0.111916066667
0.1127249
0.1139115
0.114386033333
0.1121483
0.113405766667
0.1147774
0.113090366667
0.112663533333
0.113486966667
0.114508333333
0.114076433333
0.113400833333
0.1154693
0.1164052
0.113814733333
0.111546666667
