[[2, 0.170744], [3, 0.193222], [5, 0.183025], [21, 0.180848], [62, 0.164918], [194, 0.233942], [224, 0.175054], [289, 0.165192]]
[[2, 0.20537], [3, 0.178725], [9, 0.170174], [15, 0.159505], [20, 0.196499], [28, 0.158499], [39, 0.169493]]
[[2, 0.241219], [5, 0.149697], [8, 0.154812], [20, 0.165994], [61, 0.154258], [135, 0.151689], [497, 0.151464]]
[[2, 0.159398], [3, 0.190089], [5, 0.171512], [21, 0.168065], [62, 0.161645], [85, 0.156677], [133, 0.15862], [185, 0.159282], [209, 0.181618], [212, 0.158168], [335, 0.159605], [422, 0.157677]]
[[1, 0.15], [2, 0.158228], [3, 0.18405], [7, 0.159616], [13, 0.15054], [20, 0.176798], [27, 0.154128], [60, 0.149862], [127, 0.164253]]
[[1, 0.175941], [2, 0.161177], [3, 0.179413], [4, 0.165187], [7, 0.157828], [21, 0.171866], [27, 0.162333], [67, 0.159242], [255, 0.156229], [320, 0.193659], [425, 0.188101], [464, 0.17973]]
[[2, 0.183953], [3, 0.162552], [4, 0.151464], [20, 0.171227], [84, 0.14917], [156, 0.157653], [322, 0.149225], [382, 0.154193]]
[[2, 0.161561], [3, 0.185629], [4, 0.158135], [6, 0.1756], [22, 0.156341], [28, 0.15711], [30, 0.156655], [42, 0.159786], [46, 0.156849], [53, 0.163843], [360, 0.15592], [433, 0.182654]]
[[2, 0.225737], [5, 0.165053], [19, 0.170774], [147, 0.155513], [382, 0.179073]]
[[2, 0.177812], [3, 0.168064], [4, 0.156839], [5, 0.166202], [11, 0.159228], [21, 0.160261], [31, 0.165934], [41, 0.16363], [85, 0.161195], [133, 0.165393], [158, 0.176432], [185, 0.158354], [212, 0.179364], [421, 0.156484], [486, 0.17032]]
[[1, 0.15508], [2, 0.210047], [4, 0.163299], [6, 0.154984], [7, 0.154124], [8, 0.154692], [19, 0.174994], [50, 0.155434], [180, 0.156559], [265, 0.163432], [390, 0.159318]]
[[2, 0.23984], [4, 0.165999], [10, 0.160303], [16, 0.160001], [19, 0.165598], [353, 0.160353]]
[[2, 0.217643], [95, 0.491784]]
[[1, 0.159491], [2, 0.186535], [3, 0.211526], [4, 0.163208], [21, 0.222164], [42, 0.161595]]
[[1, 0.176346], [2, 0.162999], [3, 0.186006], [6, 0.15708], [7, 0.159697], [14, 0.156262], [21, 0.171883], [110, 0.154995], [467, 0.153357]]
[[2, 0.15919], [3, 0.178086], [4, 0.158976], [20, 0.164691], [41, 0.187513], [61, 0.17058], [348, 0.155534]]
[[2, 0.230605], [8, 0.154763], [21, 0.167211], [41, 0.157885], [137, 0.152501], [223, 0.166711], [429, 0.151817], [468, 0.156882]]
[[2, 0.208084], [3, 0.151913], [6, 0.166075], [13, 0.153457], [19, 0.176509], [40, 0.153762], [61, 0.150119], [134, 0.167814]]
[[2, 0.224652], [5, 0.178026], [18, 0.156212], [20, 0.162707], [39, 0.159501], [68, 0.156232], [199, 0.156629], [418, 0.159969]]
[[2, 0.222804], [3, 0.166385], [7, 0.153632], [8, 0.158677], [19, 0.162689], [133, 0.15347], [483, 0.15966]]
[[2, 0.234205], [5, 0.171757], [20, 0.166088], [25, 0.170675], [59, 0.170406], [264, 0.162824], [366, 0.167277]]
[[2, 0.191234], [3, 0.181005], [19, 0.159512], [79, 0.16649], [100, 0.155011], [146, 0.153513]]
[[2, 0.200428], [3, 0.215791], [4, 0.183468], [10, 0.166802], [22, 0.176446], [23, 0.177734], [35, 0.163082], [42, 0.179613], [55, 0.1631], [290, 0.165578], [396, 0.188448]]
[[1, 0.153841], [2, 0.157429], [3, 0.183801], [4, 0.153804], [7, 0.177704], [13, 0.160747], [20, 0.159244], [21, 0.154908], [27, 0.159423], [34, 0.160667], [41, 0.168201], [83, 0.159754], [90, 0.163742], [97, 0.159898], [136, 0.156027], [318, 0.159149], [387, 0.158086], [498, 0.158441]]
[[1, 0.179033], [2, 0.171368], [3, 0.177886], [6, 0.16267], [7, 0.175366], [20, 0.177644], [61, 0.192321], [84, 0.198057], [107, 0.163469], [132, 0.168066], [157, 0.163512]]
[[2, 0.164995], [3, 0.170897], [4, 0.160015], [5, 0.167202], [17, 0.160412], [20, 0.181165], [61, 0.19208], [84, 0.163029], [236, 0.16173]]
[[2, 0.165968], [4, 0.213083], [25, 0.162628], [116, 0.192532], [207, 0.158547], [240, 0.167143], [276, 0.248403], [436, 0.162424]]
[[1, 0.201327], [2, 0.163144], [3, 0.171838], [4, 0.162235], [7, 0.195007], [12, 0.169931], [18, 0.175932], [20, 0.175626], [23, 0.160826], [29, 0.165966], [35, 0.164437], [41, 0.183746], [46, 0.168388], [106, 0.16649], [439, 0.161517]]
[[2, 0.170023], [3, 0.217084], [4, 0.168067], [22, 0.185628], [54, 0.163382], [135, 0.175051], [169, 0.1657], [179, 0.204571], [303, 0.176317]]
[[1, 0.16571], [2, 0.16636], [3, 0.21683], [4, 0.180276], [21, 0.169666], [107, 0.179506], [185, 0.181503], [300, 0.19136], [330, 0.167575]]
