0.0122284882587
0.0284158101352
0.0231049098477
0.0136060439789
0.0108665298744
0.00707431136625
0.0115477325155
0.00397987258087
0.00641790304115
0.00754180491431
0.00753934041736
0.00793917111829
0.0071156848838
0.00569398500574
0.00675570160358
0.00807473654885
0.00766885146261
0.0100813037905
0.0149433681231
0.0174039283249
0.0200095832575
0.0126368127086
0.0117972498246
0.00869810328724
0.0105505867357
0.00801026181317
0.0100890866022
0.00897256607697
0.0100618026772
0.0074575658797
0.00959053992693
0.00644273528704
0.00633355581267
0.00694338979406
0.0108880251613
0.00727156078225
0.00727146394217
0.0113031003762
0.0110098862304
0.00750461085
0.0167748602651
0.0127979782754
0.00809804026396
0.0090900186422
0.00690467865219
0.0109919742945
0.0056879712006
0.0079684889213
0.00500840929604
0.00789971024004
0.00672271600744
0.00761191370419
0.0115199981669
0.00921525396461
0.0105542419197
0.00457961396833
0.00684771573276
0.0098314865398
0.0124676058214
0.0100366239134
0.01754531325
0.0117770913086
0.0108938187595
0.0072879930772
0.00956727331038
0.00873356113348
0.0110805805187
0.0107068844219
0.00688172633348
0.00617532003165
0.0075676796344
0.00630801448468
0.00784442203522
0.00823078529398
0.00906834978918
0.00901443909366
0.00656020290413
0.00594784611482
0.0103436255626
0.00921548501141
0.0118597031989
0.00745327533818
0.00947335621795
0.0166242892888
0.0118316418784
0.0114202162961
0.0122007702262
0.0090152728895
0.00661554909756
0.00967911671159
0.00868115305072
0.00966185440425
0.00626414440917
0.00741337795558
0.0664032103488
0.00621719704261
0.00935450093502
0.00639001738174
0.00623089020892
0.0100083724376
0.00804567325192
0.00891599033547
0.00705328396178
0.00695877835415
0.00568215127385
0.0109881051322
0.0144234683131
0.00747330678407
0.00878506169845
0.0120150430404
0.00968047982334
0.00548347029251
0.00540095388787
0.00653788051461
0.00450541205034
0.0147323837236
0.006530662582
0.00497647076239
0.00613586131634
0.0042474213636
0.00761025485403
0.00717219387976
0.00838899342684
0.00990081378047
0.00486344161874
0.0100439377229
0.00911588330218
0.00601032943458
0.00732774746358
0.00749725490808
0.00846271507102
0.0117692201367
0.0130487246238
0.0109405902624
0.0123920558356
0.00837490439906
0.0101572116039
0.00789865988521
0.00945230716133
0.0062263417881
0.00653900235756
0.00524100566526
0.0044503236338
0.0075857540934
0.00795189962413
0.00959859182433
0.0105698533565
0.00481199443394
0.00536282779977
0.0070910452356
0.0062996035721
0.00630619424314
0.0069953055627
0.00685995062049
0.00981733565853
0.00910942075906
0.0109140257404
0.0155111914395
0.00830053233875
0.00924229476802
0.00622417614575
0.00459555345524
0.00846546791967
0.00895112113903
0.00756196366069
0.00935540198649
0.00568234274153
0.00473572701728
0.0103445572433
0.00586820795322
0.00680805275219
0.00687414805744
0.00541865336746
0.0110345847452
0.00846299514494
0.007479918403
0.00644302116893
0.00810753406297
0.0162539863117
0.00907384771068
0.00855815153952
0.00634958493832
0.00666803919546
0.00959588062712
0.0158643510474
0.00726584227923
0.00616634240265
0.00981619580059
0.00868722972523
0.00689514219046
0.00603118954325
0.00757678678333
0.00627606740288
0.0220071399504
0.00977687299254
0.00959177531181
0.00893684944336
0.00534944462382
0.0102489797121
0.00557922255128
0.0108406340649
0.00504706461542
0.00418704505774
0.00659754165327
0.00614565964175
0.00581643690702
0.00946113597531
0.00733484625007
0.0129945319652
0.00475468314215
0.00790083834342
0.0143553599187
0.00581555258299
0.00703113294656
0.00630595344064
0.0103466092623
0.00425802774324
0.00813043746541
0.0054711809886
0.00697431409459
0.00619581774389
0.00560344300706
0.0106920054292
0.0121783614417
0.00956851527906
0.00872127365291
0.00821826133876
0.00812932454629
0.0066078407138
0.0043020664452
0.0044679278952
0.00477847997868
0.00639750169302
0.00510990954312
0.00836990674473
0.0116818956194
0.00736109128451
0.00706328322304
0.00576415529949
0.0100046490506
0.00939651363533
0.00690306993832
0.00532657547992
0.0106911225968
0.00860666270824
0.00737515366951
0.00786104663805
0.00616513079036
0.00431277256131
0.00576869981586
0.00954165300005
0.00767919299551
0.00848295412257
0.00770660750129
0.00947141367038
0.00919268597944
0.00702613055996
0.00854458230336
0.00738053280589
0.00539041593901
0.00486670219724
0.00714442098424
0.00762179255155
0.0114839337068
0.0106664806228
0.00929225563748
0.00824072418312
0.0048535307817
0.00849481043023
0.00547186356393
0.00676359772803
0.00616896759965
0.00564645894777
0.00830842259671
0.0102620724015
0.0243712184539
0.00436037546497
0.00733898065621
0.00734486083704
0.00418610302854
0.00593695263545
0.00562874250452
0.00715613733767
0.0063361082079
0.0065569609207
0.00593968192976
0.00767276833744
0.00776774673348
0.0108410034919
0.0121255176588
0.0064660972245
0.0108696381048
0.00646525171427
0.00507605930324
0.00568525710168
0.00574164076133
0.00649608931837
0.0070133190514
0.00576231446749
0.0149681424849
0.00456287037583
0.00760615206235
0.0128236374349
0.00533003524024
0.00918911460129
0.00897852664113
0.00739163731381
0.00757123335476
0.0106913035742
0.00835184060645
0.00570164210226
0.00903657867835
0.00576643626563
0.00877932220296
0.00844842395355
0.0060357888782
0.00560400686464
0.0109243878796
0.0101288772663
0.0149209222483
0.00693396206837
0.0105390657919
0.00831348342293
0.0094871464159
0.00674974473954
0.0119182817015
0.00846597686882
0.00925336334433
0.00881701746429
0.0114216172363
0.00836886736721
0.00775323334422
0.0087646878898
0.011879281793
0.0123226986224
0.00562984014219
0.00833656793524
0.00733008033039
0.00553265955627
0.00784895088
0.007923639171
0.00947561506353
0.00727048564334
0.00805768125345
0.00593072208467
0.00606995326771
0.00722655245182
0.00936205689626
0.00661520819224
0.00871024350495
0.00770744709716
0.00729143867598
0.0100093321613
0.0115822900674
0.00896975707809
0.00576018095973
0.00818538175286
0.00654011221965
0.0113983933839
0.0110923231459
0.00851293101301
0.00598991772194
0.00602658287368
0.00996308418474
0.00563544346485
0.0111792074426
0.00889294446832
0.0058551021235
0.00743654782693
0.00608642383607
0.00521829317402
0.0088709286086
0.00728848038269
0.00628105708982
0.00663600695943
0.00439809543578
0.00691909068054
0.00908934594524
0.00640745941583
0.00959663166516
0.00868280512431
0.0144011040514
0.00762309220352
0.00909859087509
0.00787591874069
0.00654422416427
0.00912464176953
0.00849839594544
0.0121189785624
0.00999982230487
0.00694410906284
0.00786395808483
0.00819174235903
0.00708881147388
0.00970768833016
0.0171713454082
0.0080249782377
0.00571370259104
0.00428913594821
0.0057534849923
0.00728908196292
0.00554170836435
0.00401242523073
0.00509186642751
0.00682095523418
0.00845739394981
0.00699841087081
0.00661210544221
0.0067011459326
0.0148146177076
0.00673853538068
0.00587704927664
0.00500135643656
0.00524389365951
0.0064124375089
0.00752387966293
0.00758585734523
0.0106191390214
0.00679854415755
0.00702142063538
0.0105001440742
0.00981609329056
0.00531738147807
0.0043267478684
0.0153830871056
0.010851834993
0.00475440141997
0.0104233822406
0.00911680367143
0.00595628543837
0.00552184342971
0.00484593923289
0.0136143731044
0.00771164869856
0.00787745807732
0.010439461703
0.00751225747022
0.00566426154145
0.0125181962617
0.00576636495319
0.0106112796718
0.0080417985985
0.00478455552435
0.00450547324879
0.0058716774814
0.00868105676337
0.00931513592458
0.00498886909752
0.00719599253258
0.00838655646755
0.00472047295006
0.0076201498393
0.00955419180424
0.0061091158702
0.00557105391785
0.00488979473143
0.00607891387448
0.00895676235211
0.00726153239261
0.00604063134302
0.00641245272541
0.00503063370428
0.00589321035543
0.0130343802886
0.00569488628859
0.00673225952898
0.00997644494024
0.0100634856133
0.00932945092251
0.0069499783297
0.00644852950335
0.0088346415862
0.00667868090569
0.00777524962915
0.00708559198625
0.00552476346492
0.00704969295754
0.00603096235927
0.00496470716648
0.00934845499154
0.00738861225739
0.00736152867949
0.00988177117368
0.00564598895343
0.00650586371079
0.0120372131652
0.0106084252192
0.00569985769501
0.00661909804371
0.0090131604838
0.00710033720083
0.0075635169321
0.00623537655898
0.00857523536055
0.00801440561191
0.0064858129744
0.00965141213554
0.0100379455581
0.00533087062266
0.00562489700251
