[0.080048, 0.076746, 0.17425, 62.212655999999996, 0.018432, 0.037852, 0.038581, 0.093759]
[0.080941, 0.077315, 0.150122, 62.031467, 0.018326, 0.037978, 0.040162, 0.106297]
[0.073336, 0.071316, 0.139085, 56.57810899999998, 0.017354, 0.03984, 0.040414, 0.098433]
[0.078896, 0.075442, 0.140746, 60.657265000000066, 0.01744, 0.036221, 0.038299, 0.097583]
[0.080145, 0.07782, 0.169604, 57.90054999999997, 0.017565, 0.036338, 0.038191, 0.089272]
[0.079379, 0.081058, 0.155241, 61.49898399999997, 0.018904, 0.037626, 0.038513, 0.139394]
[0.075716, 0.073896, 0.141715, 57.91552599999997, 0.017831, 0.054674, 0.039439, 0.088238]
[0.078744, 0.078588, 0.185098, 58.98325099999992, 0.019113, 0.037964, 0.037377, 0.089864]
[0.078983, 0.076516, 0.14337, 61.22347600000002, 0.017965, 0.040009, 0.043312, 0.094548]
[0.078438, 0.079015, 0.148636, 60.93024599999998, 0.018315, 0.037483, 0.044686, 0.094644]
[0.080937, 0.07731, 0.148238, 60.735058000000016, 0.020261, 0.04573, 0.040695, 0.096708]
[0.07618, 0.078622, 0.14611, 59.87001000000004, 0.017457, 0.036297, 0.044743, 0.093374]
[0.08069, 0.079869, 0.147, 61.32437400000001, 0.016344, 0.03531, 0.036968, 0.096403]
[0.081131, 0.080615, 0.147496, 58.79201399999997, 0.018436, 0.038705, 0.038293, 0.088434]
[0.078789, 0.077398, 0.139965, 59.69864900000006, 0.019071, 0.039238, 0.04135, 0.093856]
[0.079628, 0.078249, 0.143842, 60.01307499999997, 0.018379, 0.039653, 0.076274, 0.107848]
[0.075777, 0.075617, 0.142284, 58.13276000000002, 0.017582, 0.036941, 0.038232, 0.087947]
[0.081215, 0.077551, 0.154886, 57.424543000000035, 0.022176, 0.035781, 0.041218, 0.102745]
[0.078823, 0.079166, 0.145952, 59.70383099999996, 0.018206, 0.040644, 0.045385, 0.092954]
[0.082676, 0.077879, 0.153245, 58.44786100000002, 0.019675, 0.039604, 0.037575, 0.089175]
[0.079648, 0.074983, 0.146827, 62.58145799999998, 0.032119, 0.037842, 0.040657, 0.108495]
[0.075056, 0.078559, 0.14409, 60.13378300000005, 0.017542, 0.036835, 0.03847, 0.091198]
[0.078712, 0.075312, 0.14854, 62.815645999999965, 0.017131, 0.037474, 0.039409, 0.097815]
[0.080088, 0.085859, 0.180354, 59.052847, 0.020039, 0.037803, 0.041493, 0.090477]
[0.081302, 0.08182, 0.150276, 63.823844000000015, 0.020227, 0.039055, 0.040113, 0.107849]
[0.076595, 0.074995, 0.143425, 62.097207, 0.017702, 0.038664, 0.040205, 0.09531]
[0.082663, 0.084653, 0.145015, 59.31654200000004, 0.018353, 0.036961, 0.03789, 0.10599]
[0.073595, 0.075798, 0.145063, 61.17758399999999, 0.018135, 0.037063, 0.081307, 0.106806]
[0.078919, 0.079664, 0.149497, 63.06835999999995, 0.018503, 0.037188, 0.039059, 0.095963]
[0.103695, 0.094242, 0.175672, 63.933242000000014, 0.01791, 0.037314, 0.04578, 0.09726]
