[0.124425312, 0.012496700647877263, [(193, 0.233942), (2, 0.193222), (4, 0.183025), (20, 0.180848), (223, 0.175054), (1, 0.170744), (288, 0.165192), (61, 0.164918), (80, 0.161698), (109, 0.161405)]]
[0.124062934, 0.011341406053820849, [(1, 0.20537), (19, 0.196499), (2, 0.178725), (8, 0.170174), (38, 0.169493), (14, 0.159505), (27, 0.158499), (34, 0.156348), (198, 0.154725), (20, 0.154473)]]
[0.11315621799999996, 0.011824510205267532, [(1, 0.241219), (19, 0.165994), (7, 0.154812), (60, 0.154258), (134, 0.151689), (496, 0.151464), (4, 0.149697), (14, 0.148108), (85, 0.14786), (3, 0.146205)]]
[0.12131453000000013, 0.01106780425274589, [(2, 0.190089), (208, 0.181618), (4, 0.171512), (20, 0.168065), (61, 0.161645), (334, 0.159605), (1, 0.159398), (184, 0.159282), (132, 0.15862), (211, 0.158168)]]
[0.11580109999999993, 0.01111662649377049, [(2, 0.18405), (19, 0.176798), (126, 0.164253), (6, 0.159616), (1, 0.158228), (26, 0.154128), (12, 0.15054), (0, 0.15), (59, 0.149862), (39, 0.149038)]]
[0.12299796799999994, 0.010921328896017001, [(319, 0.193659), (424, 0.188101), (463, 0.17973), (2, 0.179413), (0, 0.175941), (20, 0.171866), (3, 0.165187), (26, 0.162333), (1, 0.161177), (66, 0.159242)]]
[0.11583105199999995, 0.010653049744805283, [(1, 0.183953), (19, 0.171227), (2, 0.162552), (155, 0.157653), (381, 0.154193), (3, 0.151464), (321, 0.149225), (83, 0.14917), (8, 0.147169), (5, 0.147031)]]
[0.11796650199999983, 0.012448378961856679, [(2, 0.185629), (432, 0.182654), (5, 0.1756), (52, 0.163843), (1, 0.161561), (41, 0.159786), (3, 0.158135), (27, 0.15711), (45, 0.156849), (29, 0.156655)]]
[0.12244695200000004, 0.010895791951101857, [(1, 0.225737), (381, 0.179073), (18, 0.170774), (4, 0.165053), (146, 0.155513), (409, 0.1539), (37, 0.153384), (3, 0.152956), (0, 0.152684), (123, 0.15244)]]
[0.12186049199999996, 0.01151838830557192, [(211, 0.179364), (1, 0.177812), (157, 0.176432), (485, 0.17032), (2, 0.168064), (4, 0.166202), (30, 0.165934), (132, 0.165393), (40, 0.16363), (84, 0.161195)]]
[0.12147011600000003, 0.010538312158146771, [(1, 0.210047), (18, 0.174994), (264, 0.163432), (3, 0.163299), (389, 0.159318), (179, 0.156559), (49, 0.155434), (0, 0.15508), (5, 0.154984), (7, 0.154692)]]
[0.11974002000000009, 0.011818804088722348, [(1, 0.23984), (3, 0.165999), (18, 0.165598), (352, 0.160353), (9, 0.160303), (15, 0.160001), (194, 0.152835), (5, 0.15278), (37, 0.152767), (409, 0.15263)]]
[0.12264874800000003, 0.020131530422809303, [(94, 0.491784), (1, 0.217643), (18, 0.173573), (2, 0.16669), (37, 0.164482), (5, 0.163939), (23, 0.161742), (274, 0.161345), (4, 0.158985), (16, 0.158681)]]
[0.11758402799999995, 0.012474988384572394, [(20, 0.222164), (2, 0.211526), (1, 0.186535), (3, 0.163208), (41, 0.161595), (0, 0.159491), (7, 0.154374), (215, 0.1528), (85, 0.152491), (13, 0.152196)]]
[0.11939729800000012, 0.01031262551328206, [(2, 0.186006), (0, 0.176346), (20, 0.171883), (1, 0.162999), (6, 0.159697), (5, 0.15708), (13, 0.156262), (109, 0.154995), (466, 0.153357), (3, 0.148929)]]
[0.12002614999999994, 0.010491722755177051, [(40, 0.187513), (2, 0.178086), (60, 0.17058), (19, 0.164691), (1, 0.15919), (3, 0.158976), (347, 0.155534), (66, 0.147927), (9, 0.147451), (7, 0.147171)]]
[0.11626552000000004, 0.011709103087495641, [(1, 0.230605), (20, 0.167211), (222, 0.166711), (40, 0.157885), (467, 0.156882), (7, 0.154763), (136, 0.152501), (428, 0.151817), (163, 0.149276), (27, 0.148437)]]
[0.11484908600000007, 0.01162408028063313, [(1, 0.208084), (18, 0.176509), (133, 0.167814), (5, 0.166075), (39, 0.153762), (12, 0.153457), (2, 0.151913), (60, 0.150119), (217, 0.149442), (84, 0.14895)]]
[0.11940766199999991, 0.011457790043623425, [(1, 0.224652), (4, 0.178026), (19, 0.162707), (417, 0.159969), (38, 0.159501), (198, 0.156629), (67, 0.156232), (17, 0.156212), (23, 0.15306), (18, 0.152706)]]
[0.11689572200000004, 0.011562038574434701, [(1, 0.222804), (2, 0.166385), (18, 0.162689), (482, 0.15966), (7, 0.158677), (6, 0.153632), (132, 0.15347), (308, 0.151555), (200, 0.151528), (0, 0.149965)]]
[0.12516291599999996, 0.012276770261308306, [(1, 0.234205), (4, 0.171757), (24, 0.170675), (58, 0.170406), (365, 0.167277), (19, 0.166088), (263, 0.162824), (17, 0.161527), (333, 0.160747), (38, 0.159995)]]
[0.1202675660000001, 0.010627053046148027, [(1, 0.191234), (2, 0.181005), (78, 0.16649), (18, 0.159512), (99, 0.155011), (145, 0.153513), (3, 0.151407), (5, 0.151384), (57, 0.151065), (28, 0.150232)]]
[0.12563129199999992, 0.012325082152859509, [(2, 0.215791), (1, 0.200428), (395, 0.188448), (3, 0.183468), (41, 0.179613), (22, 0.177734), (21, 0.176446), (9, 0.166802), (289, 0.165578), (54, 0.1631)]]
[0.118105694, 0.011840718812992895, [(2, 0.183801), (6, 0.177704), (40, 0.168201), (89, 0.163742), (12, 0.160747), (33, 0.160667), (96, 0.159898), (82, 0.159754), (26, 0.159423), (19, 0.159244)]]
[0.12764768800000004, 0.011627188941212575, [(83, 0.198057), (60, 0.192321), (0, 0.179033), (2, 0.177886), (19, 0.177644), (6, 0.175366), (1, 0.171368), (131, 0.168066), (156, 0.163512), (106, 0.163469)]]
[0.12419441399999999, 0.010598748378115405, [(60, 0.19208), (19, 0.181165), (2, 0.170897), (4, 0.167202), (1, 0.164995), (83, 0.163029), (235, 0.16173), (16, 0.160412), (3, 0.160015), (40, 0.154953)]]
[0.11863308400000008, 0.013181575189974218, [(275, 0.248403), (3, 0.213083), (115, 0.192532), (239, 0.167143), (1, 0.165968), (24, 0.162628), (435, 0.162424), (206, 0.158547), (4, 0.157952), (409, 0.154739)]]
[0.12235516799999997, 0.012619399771929564, [(0, 0.201327), (6, 0.195007), (40, 0.183746), (17, 0.175932), (19, 0.175626), (2, 0.171838), (11, 0.169931), (45, 0.168388), (105, 0.16649), (28, 0.165966)]]
[0.1261367199999999, 0.012380951278540754, [(2, 0.217084), (178, 0.204571), (21, 0.185628), (302, 0.176317), (134, 0.175051), (1, 0.170023), (3, 0.168067), (168, 0.1657), (53, 0.163382), (427, 0.161365)]]
[0.12786648400000003, 0.011558790118422606, [(2, 0.21683), (299, 0.19136), (184, 0.181503), (3, 0.180276), (106, 0.179506), (20, 0.169666), (329, 0.167575), (1, 0.16636), (0, 0.16571), (4, 0.160069)]]
