[0.5467237980000001, 0.5731402899999996, 0.5914323739999998, 0.5578106739999995, 0.5630582359999999, 0.6090414140000001, 0.5721164339999998, 0.605959156, 0.5924792439999992, 0.5668481599999999, 0.5680700280000002, 0.6112240800000002, 0.568722246, 0.5516367959999994, 0.5641954480000002, 0.6110797340000004, 0.5497153700000001, 0.5590381959999993, 0.5713177079999996, 0.6039292259999999, 0.6055034679999997, 0.5549630799999999, 0.5876063279999995, 0.577243454, 0.608951722, 0.6099937359999996, 0.593317128, 0.5924321079999995, 0.5980810480000004, 0.606025022]
[0.6311988666666668, 0.6230336666666667, 0.6316125666666667, 0.6306126333333334, 0.6407795, 0.6892687333333335, 0.6461852666666669, 0.6670058999999998, 0.6409327333333333, 0.6268524000000001, 0.6474464333333333, 0.6662034000000001, 0.6524816999999998, 0.6627100666666668, 0.6693431333333333, 0.6808283333333333, 0.6257123333333332, 0.6498512333333333, 0.6391315333333334, 0.6607829666666665, 0.6745681333333333, 0.6295325999999999, 0.6545208666666668, 0.6306205666666667, 0.6778050666666667, 0.6592026999999998, 0.6538773999999997, 0.6629939666666667, 0.6735483666666666, 0.7029382666666668]
[0.5413317723404254, 0.5699556063829784, 0.5888676808510632, 0.5531637404255317, 0.558097304255319, 0.6039205212765957, 0.5673886361702122, 0.6020625553191489, 0.5893864680851056, 0.5630181021276596, 0.5630034489361705, 0.607714761702128, 0.5633758978723401, 0.5445470127659569, 0.5574838936170216, 0.606627695744681, 0.5448644999999998, 0.5532416191489357, 0.5669891659574472, 0.6003002638297872, 0.6010950851063824, 0.5502033234042554, 0.583335187234042, 0.5738364042553192, 0.6045568276595745, 0.6068527382978716, 0.5894515787234041, 0.5879281595744676, 0.5932639851063832, 0.5998390702127654]
[0.05224326995697337, 0.07179614591116919, 0.06610814572237013, 0.061405351090110416, 0.07164147817059824, 0.06995876310566533, 0.0779584186035456, 0.06385980287419987, 0.06505618244511788, 0.06457006727342324, 0.0635015876833896, 0.06537555202261469, 0.07432845188758797, 0.05567961630624244, 0.06996541646570319, 0.07012751408127375, 0.04602358693571262, 0.06218611182553209, 0.07338048749687298, 0.060952726753631996, 0.06504346665694394, 0.05740483120973007, 0.06503453626217699, 0.07220539471895353, 0.07000954661259214, 0.07168416716471149, 0.07361582901063883, 0.07170215267795196, 0.0749400227119107, 0.07460982970618227]
[0.1433807999839898, 0.13643652239273113, 0.10785932980034175, 0.16056539634730005, 0.18748248908947024, 0.16395241308398673, 0.16916422211447535, 0.1289857305416249, 0.122949198160035, 0.1343505433641413, 0.1282368251085164, 0.1327768754170193, 0.18243773035808683, 0.15791090383735026, 0.1745324946414914, 0.11906753133252668, 0.12532225866044533, 0.1424936967239097, 0.16442618808829965, 0.11901684819931545, 0.11922880453166043, 0.1496580437872953, 0.12010296241412569, 0.13642034344302253, 0.16092397998805383, 0.1439105578334798, 0.15984643929150666, 0.17368240015796713, 0.13346282531713546, 0.1880879637238799]
[0.03326848054184417, 0.06423772728114836, 0.06162013836069957, 0.04478597428546776, 0.052974808201464, 0.05526117306990789, 0.06531707054424993, 0.054985109375911785, 0.058121852647234594, 0.05512529023201635, 0.05303154226046971, 0.05671167231211607, 0.05724062714732744, 0.029473808185960893, 0.050124945924662934, 0.06321796285324144, 0.02930360252994466, 0.04751752798250052, 0.060748896071767575, 0.05318588653847546, 0.05717887755126491, 0.04121208866935957, 0.05722488483822337, 0.06453705798477488, 0.05691484682712767, 0.06308926182270355, 0.062331803603634786, 0.05661983299360279, 0.06671419383199477, 0.05500968100354785]
0.5823885235333334
0.6533860444444443
0.5778567668794324
0.06674561511145088
0.14622241059110613
0.05423622084908818
