0.1566018643
0.164721278979
0.160137270524
0.102828043695
0.137779291167
0.100835730581
0.125694749431
0.0738706050525
0.0799849563072
0.076234415608
0.0663981617344
0.0926859723629
0.0858710714254
0.0718941641736
0.0859367639286
0.0679529453778
0.0609514065043
0.05938801603
0.0528427157235
0.0434397207775
0.0487568786712
0.0561672935957
0.0630197069852
0.0642891066211
0.0599857438985
0.0568426499714
0.0736122898622
0.0518593280813
0.0711326923788
0.0616493819701
0.0342624832838
0.0461957717255
0.0446375312581
0.0385734891749
0.0373342198454
0.030679964503
0.0450605740692
0.054362992038
0.0314290206817
0.0630960044433
0.0470722405746
0.0347692764621
0.0595221435012
0.0483630565706
0.0575852788662
0.0639925725089
0.0555030981658
0.05441295395
0.0484648954878
0.0288058439429
0.0289123295385
0.0489256045949
0.0403890460525
0.065555350761
0.0353334245075
0.0706118214549
0.0439134099623
0.056038104164
0.0358631300646
0.0332855227094
0.0529548479699
0.0558006778602
0.056432512684
0.0509287061742
0.0504110560535
0.0388798937784
0.0551416458012
0.0321087258274
0.0352944408188
0.0558061303304
0.0328906842778
0.0339703256482
0.0538453489548
0.0725695918588
0.0579635930119
0.0654983728611
0.0528970312864
0.0484477306014
0.0749973670691
0.0599370382611
0.038885813583
0.0647568502792
0.0473447038147
0.0576354837121
0.0424512380783
0.0589483615117
0.0428606208096
0.0460469104311
0.080270342196
0.0765268041903
0.0307938634163
0.0536886593351
0.0335073545207
0.0588088518691
0.0544902811589
0.0523737952374
0.0342130103103
0.0572384170259
0.0329430455832
0.0361792457041
0.0409272812435
0.0308911694477
0.0409814102713
0.0581352215123
0.036534561446
0.0338718273283
0.0760780626017
0.0325802406303
0.0457826881236
0.041010699352
0.0286634242541
0.046302179137
0.0325589937171
0.0362493461621
0.0313371570461
0.0332053290047
0.0478437999255
0.0742464712634
0.0425270203354
0.0583905225469
0.0455262018071
0.051365534817
0.0351222601067
0.0434780690702
0.0496240380793
0.0533697776227
0.0720621499516
0.0448576647408
0.054336437779
0.0522426384601
0.0455961737272
0.0563781650238
0.0448488421022
0.0524642461081
0.0652445396006
0.0409423555066
0.0606991377911
0.0451019882006
0.0455541034743
0.0384708292535
0.0469360821044
0.0287022800135
0.0620534580668
0.072782410871
0.0603016963786
0.0695003028691
0.0495520768946
0.0449495820717
0.049070061547
0.0655555178304
0.0706124936679
0.0685027690722
0.0535070776002
0.0657365451594
0.0509510125388
0.0417636763689
0.0414275324223
0.0758792016629
0.037601960563
0.0347402567857
0.0327880517665
0.039856134496
0.0546499891341
0.10861799951
0.0572791325347
0.0463068685945
0.0499893183233
0.0570487452759
0.0478329922994
0.0414428543515
0.0486755952604
0.0686859961904
0.0506294105817
0.0522801531683
0.0528225632238
0.0631457193095
0.061519916491
0.0454331559568
0.0396058689041
0.0671416661201
0.064304908488
0.0638718922169
0.0501258548686
0.0421702983243
0.0636226253858
0.0498949945116
0.03159362415
0.0493943709412
0.0430604198746
0.0422948755877
0.0398812207417
0.0671557169889
0.063062523075
0.0538910236511
0.0706752331031
0.063654780921
0.0690930404459
0.0461345290994
0.0507374841261
0.0567407008324
0.0312194646646
0.03983415366
0.0731842019056
0.0499302019927
0.0724648272363
0.0573088537531
0.0499295048757
0.0681519850238
0.0822087283297
0.0317091594405
0.0320812357234
0.03647246037
0.0376398786894
0.0928126838179
0.0862077258109
0.0508878447871
0.0564990468213
0.0594052078488
0.0732908583717
0.0382451198525
0.0636873805915
0.0635642755645
0.0616283079102
0.0507142085705
0.0590230127988
0.0725062625763
0.0708196964025
0.0524833688575
0.0703114065507
0.0768998527355
0.0722158453109
0.0604158356243
0.0684457429642
0.0532169763073
0.053736636565
0.0443595943484
0.0640195616192
0.0389539517588
0.0612313760043
0.0697695250784
0.0358485492263
0.0686090798704
0.0620670069787
0.0636358809878
0.0534013203143
0.080054201278
0.0510691006032
0.0568538599582
0.0514532206562
0.0447941982868
0.0491702497946
0.0536180233495
0.061123088984
0.0416407158545
0.10670160193
0.0524276116741
0.0593413088863
0.0337938032078
0.0533630721445
0.0526103991871
0.072821635845
0.0621433557925
0.0328491699805
0.0612549886792
0.0520704949209
0.0548572132228
0.0590967428118
0.0552514377076
0.0708567794627
0.0456187405382
0.0366723865373
0.0538225969408
0.0786702006204
0.044799314999
0.0509097982618
0.0542667577446
0.0481631983052
0.0320843021202
0.0611476603192
0.0796773973038
0.0517199271524
0.034598092706
0.076949346527
0.0578251265219
0.0473956824065
0.0684127218041
0.0401919495403
0.0548672261592
0.0623967246473
0.0535957439465
0.0475787730299
0.0815125477843
0.0596470799226
0.0881952494194
0.0716693525968
0.0756956453682
0.0618381913241
0.0389419624841
0.0580813855607
0.075412704585
0.0574435988789
0.0517981242432
0.0384143370146
0.0945816732846
0.0456033044802
0.0377407325369
0.0693820642411
0.0662660593205
0.040519032032
0.0781670365377
0.0801331706815
0.0546369344451
0.0560390907082
0.0299683281212
0.0613912488584
0.0691363123302
0.0700827054648
0.0631848385126
0.0627859210206
0.0431408660389
0.0700563622222
0.0429593744592
0.052214256337
0.0386872057428
0.0708656499326
0.0847676313488
0.0586173079158
0.067950094065
0.0716186283204
0.0562568043429
0.08899146608
0.0409288327946
0.0320487715962
0.0485022437875
0.066757018581
0.054024433998
0.0458785584703
0.0461261164518
0.0466813357679
0.0920241873968
0.0591940359593
0.0502322075687
0.0580806508844
0.0485125343514
0.0867915894815
0.0525390850436
0.070233422196
0.0504963723941
0.071343989663
0.0835621665806
0.0603570049909
0.0569873528072
0.0481030397074
0.0536289063589
0.0712856526699
0.0627891855893
0.052935419063
0.0434767684002
0.0591976176961
0.0573771166508
0.0755038211964
0.0580833098611
0.0354653470789
0.0364622707021
0.0294052157921
0.0444217363622
0.0685933915338
0.0565786868946
0.0852165059909
0.0923412913925
0.0709327694586
0.0599246376971
0.0487484307998
0.0509793387056
0.0488688547533
0.0534678504988
0.0705614084076
0.0728925925232
0.0583438379817
0.0363233133253
0.073456163724
0.0616544583517
0.0599377064257
0.0507519610822
0.0750316643197
0.0689784985463
0.0585591859891
0.0444344585625
0.0361464338439
0.0642956880134
0.0478280426936
0.0466225424028
0.0778490422622
0.0557491869691
0.0705069888215
0.0671153361373
0.0657768411914
0.0531471928914
0.0845481263292
0.0748900439078
0.051436755888
0.0366769990373
0.0596985244839
0.0772818689722
0.0638127130203
0.0544377040598
0.0749092508428
0.0601693613465
0.0341093477974
0.0421782895515
0.0636725996374
0.0496195263973
0.0960168609919
0.0467949246575
0.0329937731762
0.0826373901814
0.066247403395
0.0620553028745
0.0401262105302
0.0855518981143
0.0639372061525
0.056625094946
0.0380591203294
0.0732346988206
0.0664589347516
0.058599274154
0.0370245579385
0.0827670349549
0.0680080361452
0.0606089125005
0.0685856796178
0.0404962800511
0.0254947220508
0.0588840600348
0.0787386780774
0.0847032804426
0.0422691235516
0.0287431634832
0.0703299899569
0.0506195058883
0.0542860574564
0.100080057833
0.0299871698677
0.0501087470731
0.0528832213568
0.0561553827326
0.071121110472
0.0509956862403
0.0491139473282
0.0575535941379
0.0651758278195
0.0590265899888
0.0674808698937
0.0729254554193
0.0786511402166
0.0644952339961
0.0638867095998
0.0504872907129
0.0655334425225
0.0901226301042
0.0720555124892
0.0565307333996
0.0366392427757
0.0735651977316
0.0697449308513
0.0351186789362
0.0420469877716
0.0872922074399
0.072112376946
0.0943288197232
0.0769262283395
0.0597917665616
0.0596169135915
0.0610282364123
0.0770983343023
0.0658286808962
0.0477057772719
0.0436829578723
0.0738247420215
0.0481062974903
0.0719436754513
0.0863091302311
0.0434495957087
0.133372410377
0.0591843096155
0.033873852579
0.0450495480147
0.0637876686084
0.0587791552593
0.0817818732355
0.0590802694424
0.0625574783811
0.0447761361149
0.0599761694963
0.0580724239698
0.0689843121202
0.0554420114589
0.0545545875619
0.0442306485407
0.0972410885262
