[[1, 1.268335], [2, 0.78543], [5, 0.833251], [7, 0.712451], [15, 0.747813], [18, 0.714162], [28, 0.724681], [54, 0.71358], [292, 0.724219], [406, 0.745233], [435, 0.759709]]
[[1, 1.256293], [3, 0.824792], [94, 0.803272], [197, 0.789403], [468, 0.799916], [479, 0.826099]]
[[1, 1.038894], [2, 0.950132], [54, 0.809507], [196, 0.83372], [209, 0.828204], [240, 0.826311], [311, 0.870085], [350, 0.821948], [377, 0.846029], [396, 0.868471], [424, 0.808785], [462, 0.799595]]
[[1, 1.370122], [4, 0.863091], [8, 0.796148], [16, 0.788464], [90, 0.764633], [352, 0.767075], [436, 0.7481], [453, 0.754853], [470, 0.96773], [482, 0.811994]]
[[1, 1.451349], [5, 1.12241], [420, 0.785726], [471, 0.789587], [500, 0.936682]]
[[1, 1.444131], [10, 0.827719], [15, 0.908005], [24, 0.839105], [151, 0.876655], [316, 0.826454], [335, 0.823389], [355, 0.829141], [395, 0.847795], [416, 0.854957], [436, 0.901775], [460, 0.842665], [484, 0.849218]]
[[1, 1.409381], [2, 0.938653], [6, 0.858915], [127, 0.825902], [292, 0.960436], [370, 0.9028]]
[[1, 1.094445], [5, 0.956103], [7, 0.942283], [9, 0.859096], [23, 0.802163], [75, 0.798514], [118, 0.824409], [164, 0.824099], [229, 0.855675], [253, 0.818987], [328, 0.819035], [346, 0.804459], [369, 0.815224], [399, 0.853643], [426, 0.823118], [460, 0.877078], [489, 0.806448]]
[[1, 1.045814], [3, 0.996689], [8, 0.861691], [25, 0.828898], [89, 0.799334], [127, 0.795621], [192, 0.844541], [442, 0.792737], [451, 0.788336], [474, 0.828293], [476, 0.791366]]
[[1, 1.174263], [3, 0.89488], [7, 0.778221], [15, 0.814748], [230, 0.760817], [340, 0.82398], [350, 0.797855], [428, 0.91291], [452, 0.779553]]
[[1, 1.148364], [2, 0.842505], [5, 0.832261], [328, 0.794039], [329, 0.786956], [345, 0.792434], [385, 0.767806], [411, 0.772274]]
[[1, 1.167275], [3, 0.919501], [12, 0.959219], [27, 0.809558], [193, 0.823008], [205, 0.824703], [215, 0.961177], [232, 0.807576], [255, 0.994847], [325, 0.815323], [345, 0.837661], [368, 0.811424], [393, 0.808721], [475, 0.822247], [492, 0.820055]]
[[1, 1.488318], [3, 0.994167], [5, 0.810805]]
[[1, 1.184912], [2, 1.14278], [3, 0.72133], [4, 0.795993], [6, 0.80294], [10, 0.762319], [15, 0.753528], [17, 0.74487], [132, 0.745835], [137, 0.751418]]
[[1, 1.241432], [3, 1.098716], [5, 0.987638], [7, 0.868068], [12, 0.924764], [386, 0.777137], [391, 0.775763], [408, 0.794348], [418, 0.832228], [500, 0.790073]]
[[1, 1.097941], [7, 1.049395], [56, 0.834332], [222, 0.831733], [246, 0.873557], [279, 0.854655], [318, 0.824283], [340, 0.845451], [417, 0.822589], [484, 1.235494]]
[[1, 1.145555], [4, 0.826498], [6, 0.703912], [9, 0.815074], [17, 0.742065], [20, 0.694355], [21, 0.701158], [222, 0.703577], [231, 0.72128], [432, 0.704835]]
[[1, 1.17709], [2, 0.986607], [4, 0.812401], [8, 0.746478], [9, 0.81405], [28, 0.750004], [420, 0.830874], [442, 0.890067], [459, 0.753566], [500, 0.823874]]
[[1, 1.371612], [2, 0.872844], [6, 0.823894], [7, 0.828446], [153, 0.798961], [317, 0.79917], [394, 0.797732]]
[[1, 1.084351], [2, 1.00545], [14, 0.84967], [70, 0.787075], [146, 0.803501], [242, 0.795618], [294, 0.822424], [315, 0.804851], [336, 0.80724], [356, 0.861799], [378, 0.828843], [399, 0.793741], [447, 0.818981], [468, 0.839283], [490, 0.85463], [496, 0.787561]]
[[1, 1.141671], [3, 0.945346], [7, 0.870044], [18, 0.827423], [74, 0.808488], [255, 0.806249], [296, 0.801812], [310, 0.80207], [331, 0.835929], [347, 0.855082], [369, 0.876991], [400, 0.852739], [404, 0.802905], [447, 0.825538], [485, 0.815652], [497, 0.83025]]
[[1, 1.145502], [2, 1.143962], [5, 0.732426], [6, 0.782625], [45, 0.728994], [196, 0.743041], [252, 0.749069], [285, 0.744378], [403, 0.72944]]
[[1, 1.062079], [2, 1.023577], [4, 0.843195], [29, 0.786321], [146, 0.811707], [154, 0.79744], [289, 0.878948], [311, 0.809594], [326, 0.863328], [349, 0.827037], [431, 0.822053]]
[[1, 1.167677], [2, 0.857473], [4, 0.844017], [6, 0.881138], [185, 0.814316], [214, 1.014324]]
[[1, 1.471156], [3, 0.915508], [67, 0.824448], [164, 0.844772], [299, 0.820431], [340, 0.821814], [361, 0.872948], [454, 0.821131], [469, 0.820966]]
[[1, 1.405369], [76, 0.863438], [143, 0.858069], [269, 0.842441], [283, 0.958214], [310, 0.837938], [370, 0.834609], [413, 0.873095], [439, 0.825696], [464, 0.878227]]
[[1, 1.44343], [15, 0.818562], [74, 0.814623], [164, 0.83606], [424, 0.843528], [455, 0.849608], [457, 0.848783], [482, 0.898148]]
[[1, 1.408376], [4, 0.862948], [6, 0.950286], [11, 0.875542], [16, 0.811322], [79, 0.82367], [264, 0.847974], [307, 0.832832], [413, 0.849154], [439, 0.826903]]
[[1, 1.21538], [3, 0.912238], [5, 0.912081], [203, 0.844392], [221, 0.841189], [273, 0.850767], [304, 1.012951], [331, 0.827009], [381, 0.849203], [425, 0.846396]]
[[1, 1.626544], [13, 0.946466], [27, 0.833999], [152, 0.881784], [230, 0.908225], [465, 0.896708]]
