1.25823536667
0.769719066667
0.717514633333
0.689146366667
0.699188733333
0.675842266667
0.669892333333
0.6317991
0.655106066667
0.6527942
0.619432766667
0.641712533333
0.617927833333
0.6321708
0.637282233333
0.610071233333
0.607738466667
0.617924766667
0.604911366667
0.5988591
0.597250333333
0.607771933333
0.6031964
0.5956477
0.597208066667
0.6047814
0.6080882
0.591114133333
0.592631733333
0.5966222
0.5763954
0.5798515
0.588173333333
0.585094733333
0.577203933333
0.5690846
0.583475866667
0.591425733333
0.5929493
0.590470433333
0.585472533333
0.577076033333
0.587955533333
0.589772133333
0.587624033333
0.5980696
0.590700833333
0.579388366667
0.590089233333
0.582633933333
0.5867053
0.589718233333
0.578863033333
0.589285
0.5774312
0.594647433333
0.575277866667
0.576731033333
0.574759966667
0.5745226
0.586599466667
0.587337933333
0.598714633333
0.5784254
0.5867258
0.5760749
0.574173733333
0.572939733333
0.577358433333
0.596876466667
0.586336266667
0.582925766667
0.580372066667
0.6020632
0.587042866667
0.596549466667
0.586948766667
0.5755239
0.595138033333
0.5800574
0.5779217
0.6003853
0.578172633333
0.582785933333
0.574321466667
0.579828466667
0.589359466667
0.578583466667
0.599158933333
0.594311466667
0.571727033333
0.579269266667
0.5663234
0.578682366667
0.575707233333
0.570585366667
0.5590801
0.580792033333
0.568083966667
0.564262466667
0.573466133333
0.562035533333
0.563701666667
0.568719333333
0.562498133333
0.5609049
0.599075666667
0.558244933333
0.5766922
0.5678327
0.5560536
0.582097633333
0.575551166667
0.566406133333
0.569175933333
0.570893566667
0.5675386
0.574038733333
0.5768587
0.575096366667
0.577574466667
0.5906956
0.569424166667
0.575376833333
0.573053633333
0.578815633333
0.595758866667
0.566388
0.580927866667
0.5781837
0.5684491
0.577212233333
0.577151566667
0.5681038
0.575661033333
0.5657338
0.581714233333
0.568281133333
0.5749823
0.565866466667
0.574207133333
0.5764516
0.585940133333
0.589655066667
0.588587833333
0.5792211
0.572273366667
0.5848341
0.5709119
0.5859163
0.589209933333
0.5762891
0.574101466667
0.586435633333
0.569537933333
0.569177233333
0.5656
0.591640166667
0.567290533333
0.568902166667
0.563537233333
0.5688848
0.583116333333
0.610601133333
0.572794
0.582033033333
0.5744691
0.5691952
0.572526233333
0.562383266667
0.5801649
0.590036166667
0.573982466667
0.578751366667
0.566745733333
0.573689133333
0.581133733333
0.583535266667
0.5716985
0.578131233333
0.589470233333
0.584455366667
0.574233233333
0.5699351
0.583725866667
0.576411866667
0.562925066667
0.576537166667
0.567726233333
0.568989533333
0.570812433333
0.582672033333
0.582675233333
0.584381366667
0.584631133333
0.591081033333
0.592641933333
0.5773688
0.565041766667
0.574430333333
0.5598813
0.572672833333
0.5853058
0.567417033333
0.599627866667
0.5798858
0.568439266667
0.583899666667
0.584320433333
0.5594551
0.5665413
0.5642936
0.565799666667
0.5906859
0.5961731
0.5694223
0.576071766667
0.5849269
0.585499266667
0.558363
0.5792697
0.5705276
0.572750166667
0.576463933333
0.569777433333
0.590965466667
0.5896947
0.570522033333
0.5694223
0.5791613
0.585651033333
0.5713625
0.587378133333
0.5704539
0.5722265
0.5703399
0.580994233333
0.5620538
0.567379133333
0.577987733333
0.569743633333
0.577642266667
0.577664366667
0.578055333333
0.582404766667
0.589423933333
0.566348666667
0.5787753
0.571074366667
0.5623608
0.569577
0.577795433333
0.5816827
0.570673166667
0.611442966667
0.577568466667
0.5712093
0.562201433333
0.573075033333
0.572523666667
0.5957773
0.573112666667
0.563324833333
0.569071333333
0.583609566667
0.5796416
0.580649033333
0.580142666667
0.5908129
0.5799729
0.5736507
0.577042466667
0.585155133333
0.567526866667
0.582477733333
0.570959766667
0.569660533333
0.568231166667
0.570468233333
0.5881494
0.573968433333
0.5589622
0.572098066667
0.5877367
0.569092433333
0.587764466667
0.5632725
0.577737166667
0.579666233333
0.5679695
0.5799962
0.586609333333
0.566322666667
0.6029583
0.5809254
0.581395466667
0.5803984
0.566343233333
0.571873866667
0.587016333333
0.580076966667
0.571182133333
0.557046166667
0.583740533333
0.571812133333
0.554902333333
0.573638333333
0.573767166667
0.5631063
0.5799888
0.5884253
0.574537333333
0.573069166667
0.568631766667
0.577827733333
0.5872269
0.582948933333
0.574708266667
0.579791833333
0.563267866667
0.5865033
0.566293933333
0.5824061
0.565327466667
0.579261033333
0.5963011
0.580041033333
0.576912566667
0.594108966667
0.5720343
0.588943
0.563279733333
0.564562666667
0.571690333333
0.5693609
0.562214
0.584185533333
0.576984066667
0.566572833333
0.598681033333
0.5666141
0.5797448
0.585440333333
0.567030933333
0.592160066667
0.5698859
0.5743609
0.573896966667
0.598920366667
0.6007014
0.5775103
0.5756076
0.573239666667
0.568828866667
0.5751806
0.5663806
0.570259233333
0.575149933333
0.5726571
0.579241333333
0.577346733333
0.578577666667
0.5610201
0.569208333333
0.570933866667
0.567905633333
0.589533866667
0.575343466667
0.584906666667
0.5918236
0.574788
0.567602733333
0.554847566667
0.566542066667
0.571728633333
0.568684966667
0.581570066667
0.5718178
0.589528033333
0.564650066667
0.574213233333
0.5814854
0.573626766667
0.5670381
0.585309433333
0.583119633333
0.5748874
0.5790693
0.571914966667
0.588202533333
0.566759966667
0.571659033333
0.5921663
0.576166233333
0.590887166667
0.577502666667
0.574890233333
0.583503033333
0.594022233333
0.587821233333
0.5802957
0.5624495
0.583628666667
0.603477033333
0.5836573
0.5764336
0.587181966667
0.5737936
0.555104966667
0.5722052
0.5838555
0.5844999
0.599926266667
0.570727966667
0.558581166667
0.601696733333
0.570688566667
0.565051433333
0.559500866667
0.6000858
0.589346466667
0.564467466667
0.558894866667
0.582518833333
0.581861766667
0.573730233333
0.569142166667
0.5904841
0.579982733333
0.5699569
0.5894576
0.571740233333
0.551119566667
0.580512466667
0.606135466667
0.5899737
0.582975666667
0.5593389
0.596916166667
0.572866766667
0.5707978
0.611969466667
0.560162833333
0.574005966667
0.5742887
0.572154766667
0.585232966667
0.5606745
0.566289666667
0.573146266667
0.581771333333
0.5765966
0.583308833333
0.585657433333
0.580361366667
0.5746047
0.5734802
0.566084066667
0.586776766667
0.5927484
0.5864187
0.580727633333
0.567793233333
0.594708333333
0.594897533333
0.5749749
0.568016933333
0.590481933333
0.585364
0.593936633333
0.597601833333
0.5734159
0.578320866667
0.583659
0.594907733333
0.582873
0.577284233333
0.571775833333
0.5908303
0.569031666667
0.5922116
0.583193766667
0.566787533333
0.604219733333
0.558668066667
0.5666333
0.577831733333
0.5851618
0.571649
0.585804433333
0.580090866667
0.568629733333
0.577794533333
0.587571766667
0.583608066667
0.5870868
0.5742083
0.575029133333
0.577420933333
0.582709033333
