first at GeneralizedLinearAlgorithm.scala:246	count at DataValidators.scala:40	count at GradientDescent.scala:209	treeAggregate at GradientDescent.scala:239
[10.944726, 7.532674, 0.084367, 273.36189900000005]
[7.644871, 7.438806, 0.092797, 286.5701449999998]
[7.562435, 5.499429, 0.090445, 295.71618699999993]
[7.630122, 7.35589, 0.087486, 278.90533699999975]
[7.500865, 7.400431, 0.08348, 281.529118]
[7.753211, 5.184061, 0.07674, 304.5207070000001]
[7.61295, 7.307486, 0.07061, 286.0582169999999]
[7.498985, 5.600739, 0.072005, 302.979578]
[7.612589, 5.494102, 0.086718, 296.2396219999996]
[7.663546, 7.454063, 0.09755, 283.42407999999995]
[7.489733, 7.382059, 0.084097, 284.0350140000001]
[7.50769, 5.560022, 0.081332, 305.6120400000001]
[7.773009, 7.711164, 0.088411, 284.361123]
[7.536346, 7.449247, 0.079777, 275.81839799999966]
[7.552354, 7.472201, 0.076179, 282.0977240000001]
[7.480018, 5.608139, 0.134983, 305.5398670000002]
[7.48806, 7.389799, 0.075724, 274.85768500000006]
[7.523664, 7.591543, 0.077921, 279.51909799999964]
[7.376813, 7.436332, 0.108827, 285.6588539999998]
[7.619161, 5.624329, 0.083914, 301.96461299999993]
[7.522933, 5.575977, 0.078168, 302.75173399999983]
[7.577043, 7.576872, 0.112171, 277.48154]
[7.452398, 5.593121, 0.092364, 293.80316399999975]
[7.539071, 7.424726, 0.088558, 288.621727]
[7.533337, 5.570569, 0.084051, 304.475861]
[7.699598, 5.450257, 0.076249, 304.99686799999984]
[7.594364, 5.765316, 0.082412, 296.658564]
[10.607415, 5.424146, 0.081396, 296.2160539999997]
[7.383645, 5.53834, 0.089786, 299.0405240000002]
[7.816544, 5.198512, 0.076844, 303.01251099999996]
