[0.5467237980000001, 0.05224326995697337, [(0, 1.268335), (4, 0.833251), (1, 0.78543), (434, 0.759709), (14, 0.747813), (405, 0.745233), (27, 0.724681), (291, 0.724219), (17, 0.714162), (53, 0.71358)]]
[0.5731402899999996, 0.07179614591116919, [(0, 1.256293), (478, 0.826099), (2, 0.824792), (93, 0.803272), (467, 0.799916), (196, 0.789403), (5, 0.78748), (245, 0.776064), (299, 0.765867), (307, 0.7642)]]
[0.5914323739999998, 0.06610814572237013, [(0, 1.038894), (1, 0.950132), (310, 0.870085), (395, 0.868471), (376, 0.846029), (195, 0.83372), (208, 0.828204), (239, 0.826311), (349, 0.821948), (53, 0.809507)]]
[0.5578106739999995, 0.061405351090110416, [(0, 1.370122), (469, 0.96773), (3, 0.863091), (481, 0.811994), (7, 0.796148), (15, 0.788464), (351, 0.767075), (89, 0.764633), (452, 0.754853), (435, 0.7481)]]
[0.5630582359999999, 0.07164147817059824, [(0, 1.451349), (4, 1.12241), (499, 0.936682), (470, 0.789587), (419, 0.785726), (478, 0.772503), (447, 0.767567), (389, 0.759298), (23, 0.756615), (400, 0.755359)]]
[0.6090414140000001, 0.06995876310566533, [(0, 1.444131), (14, 0.908005), (435, 0.901775), (150, 0.876655), (415, 0.854957), (483, 0.849218), (394, 0.847795), (459, 0.842665), (23, 0.839105), (354, 0.829141)]]
[0.5721164339999998, 0.0779584186035456, [(0, 1.409381), (291, 0.960436), (1, 0.938653), (369, 0.9028), (5, 0.858915), (126, 0.825902), (207, 0.79995), (360, 0.787221), (279, 0.787136), (396, 0.780163)]]
[0.605959156, 0.06385980287419987, [(0, 1.094445), (4, 0.956103), (6, 0.942283), (459, 0.877078), (8, 0.859096), (228, 0.855675), (398, 0.853643), (117, 0.824409), (163, 0.824099), (425, 0.823118)]]
[0.5924792439999992, 0.06505618244511788, [(0, 1.045814), (2, 0.996689), (7, 0.861691), (191, 0.844541), (24, 0.828898), (473, 0.828293), (88, 0.799334), (126, 0.795621), (441, 0.792737), (475, 0.791366)]]
[0.5668481599999999, 0.06457006727342324, [(0, 1.174263), (427, 0.91291), (2, 0.89488), (339, 0.82398), (14, 0.814748), (349, 0.797855), (451, 0.779553), (6, 0.778221), (229, 0.760817), (404, 0.758913)]]
[0.5680700280000002, 0.0635015876833896, [(0, 1.148364), (1, 0.842505), (4, 0.832261), (327, 0.794039), (344, 0.792434), (328, 0.786956), (410, 0.772274), (384, 0.767806), (13, 0.755652), (12, 0.750568)]]
[0.6112240800000002, 0.06537555202261469, [(0, 1.167275), (254, 0.994847), (214, 0.961177), (11, 0.959219), (2, 0.919501), (344, 0.837661), (204, 0.824703), (192, 0.823008), (474, 0.822247), (491, 0.820055)]]
[0.568722246, 0.07432845188758797, [(0, 1.488318), (2, 0.994167), (4, 0.810805), (300, 0.770441), (359, 0.767659), (459, 0.765014), (21, 0.761268), (467, 0.759336), (444, 0.754592), (245, 0.74993)]]
[0.5516367959999994, 0.05567961630624244, [(0, 1.184912), (1, 1.14278), (5, 0.80294), (3, 0.795993), (9, 0.762319), (14, 0.753528), (136, 0.751418), (131, 0.745835), (16, 0.74487), (2, 0.72133)]]
[0.5641954480000002, 0.06996541646570319, [(0, 1.241432), (2, 1.098716), (4, 0.987638), (11, 0.924764), (6, 0.868068), (417, 0.832228), (407, 0.794348), (499, 0.790073), (385, 0.777137), (390, 0.775763)]]
[0.6110797340000004, 0.07012751408127375, [(483, 1.235494), (0, 1.097941), (6, 1.049395), (245, 0.873557), (278, 0.854655), (339, 0.845451), (55, 0.834332), (221, 0.831733), (317, 0.824283), (416, 0.822589)]]
[0.5497153700000001, 0.04602358693571262, [(0, 1.145555), (3, 0.826498), (8, 0.815074), (16, 0.742065), (230, 0.72128), (431, 0.704835), (5, 0.703912), (221, 0.703577), (20, 0.701158), (19, 0.694355)]]
[0.5590381959999993, 0.06218611182553209, [(0, 1.17709), (1, 0.986607), (441, 0.890067), (419, 0.830874), (499, 0.823874), (8, 0.81405), (3, 0.812401), (458, 0.753566), (27, 0.750004), (7, 0.746478)]]
[0.5713177079999996, 0.07338048749687298, [(0, 1.371612), (1, 0.872844), (6, 0.828446), (5, 0.823894), (316, 0.79917), (152, 0.798961), (393, 0.797732), (412, 0.768531), (366, 0.767493), (340, 0.766544)]]
[0.6039292259999999, 0.060952726753631996, [(0, 1.084351), (1, 1.00545), (355, 0.861799), (489, 0.85463), (13, 0.84967), (467, 0.839283), (377, 0.828843), (293, 0.822424), (446, 0.818981), (335, 0.80724)]]
[0.6055034679999997, 0.06504346665694394, [(0, 1.141671), (2, 0.945346), (368, 0.876991), (6, 0.870044), (346, 0.855082), (399, 0.852739), (330, 0.835929), (496, 0.83025), (17, 0.827423), (446, 0.825538)]]
[0.5549630799999999, 0.05740483120973007, [(0, 1.145502), (1, 1.143962), (5, 0.782625), (251, 0.749069), (284, 0.744378), (195, 0.743041), (4, 0.732426), (402, 0.72944), (44, 0.728994), (119, 0.722973)]]
[0.5876063279999995, 0.06503453626217699, [(0, 1.062079), (1, 1.023577), (288, 0.878948), (325, 0.863328), (3, 0.843195), (348, 0.827037), (430, 0.822053), (145, 0.811707), (310, 0.809594), (153, 0.79744)]]
[0.577243454, 0.07220539471895353, [(0, 1.167677), (213, 1.014324), (5, 0.881138), (1, 0.857473), (3, 0.844017), (184, 0.814316), (194, 0.783811), (226, 0.777984), (358, 0.76863), (474, 0.764177)]]
[0.608951722, 0.07000954661259214, [(0, 1.471156), (2, 0.915508), (360, 0.872948), (163, 0.844772), (66, 0.824448), (339, 0.821814), (453, 0.821131), (468, 0.820966), (298, 0.820431), (57, 0.815356)]]
[0.6099937359999996, 0.07168416716471149, [(0, 1.405369), (282, 0.958214), (463, 0.878227), (412, 0.873095), (75, 0.863438), (142, 0.858069), (268, 0.842441), (309, 0.837938), (369, 0.834609), (438, 0.825696)]]
[0.593317128, 0.07361582901063883, [(0, 1.44343), (481, 0.898148), (454, 0.849608), (456, 0.848783), (423, 0.843528), (163, 0.83606), (14, 0.818562), (73, 0.814623), (487, 0.810956), (377, 0.803055)]]
[0.5924321079999995, 0.07170215267795196, [(0, 1.408376), (5, 0.950286), (10, 0.875542), (3, 0.862948), (412, 0.849154), (263, 0.847974), (306, 0.832832), (438, 0.826903), (78, 0.82367), (15, 0.811322)]]
[0.5980810480000004, 0.0749400227119107, [(0, 1.21538), (303, 1.012951), (2, 0.912238), (4, 0.912081), (272, 0.850767), (380, 0.849203), (424, 0.846396), (202, 0.844392), (220, 0.841189), (330, 0.827009)]]
[0.606025022, 0.07460982970618227, [(0, 1.626544), (12, 0.946466), (229, 0.908225), (464, 0.896708), (151, 0.881784), (26, 0.833999), (441, 0.823547), (214, 0.817081), (163, 0.805245), (480, 0.799542)]]
