[10.94077, 9.861464, 10.026443, 9.879555, 10.057622]
[10.890793, 9.95608, 9.92212, 9.905562, 9.955917]
[10.072349, 9.894088, 9.949345, 9.865349, 9.989532]
[10.968178, 9.871751, 9.892422, 9.879454, 10.086579]
[10.009221, 9.897789, 10.036683, 9.910744, 9.897192]
[10.880881, 10.007693, 9.974555, 9.961077, 9.902147]
[10.788648, 10.019246, 9.841592, 9.976469, 9.933817]
[10.911076, 9.925896, 10.003381, 9.967748, 9.856546]
[10.807264, 9.990014, 10.07143, 9.822396, 9.953102]
[11.120463, 9.89799, 9.771164, 9.929776, 9.891237]
[10.025439, 10.166611, 9.634846, 10.043284, 9.977554]
[10.918, 9.927094, 10.009778, 9.897163, 10.08475]
[10.960565, 9.866426, 10.162092, 9.844232, 10.083214]
[9.985, 10.118922, 9.681521, 10.050515, 10.042732]
[10.928096, 9.88895, 9.97778, 9.90207, 9.990008]
[11.077473, 9.824389, 9.953622, 9.893342, 11.900866]
[10.89523, 9.979826, 9.838506, 10.084941, 9.983061]
[10.803125, 10.102324, 9.866042, 9.908062, 9.924365]
[9.927151, 10.027711, 9.786417, 9.992522, 9.932329]
[10.831389, 10.061887, 9.922655, 9.967016, 9.863881]
[10.82128, 10.044942, 9.89773, 10.033507, 9.89675]
[11.005926, 9.874427, 9.899637, 9.925694, 10.002705]
[10.852133, 9.945199, 10.081082, 9.755987, 10.105424]
[10.864832, 9.925498, 10.014597, 9.837689, 9.978686]
[10.927368, 9.952047, 9.965712, 9.887021, 9.955598]
[10.846873, 10.115601, 9.898707, 9.905337, 9.977494]
[10.972769, 9.896224, 9.897452, 9.883836, 10.038804]
[10.953517, 9.953772, 9.96569, 9.918607, 9.919865]
[10.829054, 10.211741, 9.792908, 9.841791, 10.065833]
[10.996165, 10.029422, 9.718551, 9.989918, 10.101587]
