first at GeneralizedLinearAlgorithm.scala:246	count at DataValidators.scala:40	count at GradientDescent.scala:209	treeAggregate at GradientDescent.scala:239
[9.201984, 150.991502, 9.47084, 50.765854]
[8.250446, 163.667472, 9.098142, 50.630472]
[8.178424, 147.609355, 9.052793, 49.770663]
[8.064271, 151.985237, 10.068614, 50.698384]
[7.954607, 160.41457, 9.476447, 49.751628999999994]
[8.280362, 155.841986, 9.799956, 50.726353]
[8.203561, 147.502504, 9.363254, 50.559772]
[8.151255, 159.236727, 9.787784, 50.664647]
[8.188675, 156.703555, 9.253407, 50.644206]
[11.23684, 156.375654, 9.382745, 50.61063]
[8.226615, 150.331025, 9.552892, 49.847734]
[8.29902, 166.675781, 9.163655, 50.836785]
[8.249415, 157.053295, 9.815658, 50.916529]
[8.17194, 161.769416, 9.199, 49.87869]
[8.163425, 163.639525, 9.411856, 50.686904]
[11.235119, 158.47198, 9.37874, 52.649692]
[8.196738, 139.187488, 9.836492, 50.781564]
[8.225841, 147.982515, 9.951905, 50.603918]
[8.053483, 145.338425, 9.728307, 49.666129999999995]
[11.208439, 151.056091, 9.971962, 50.646828]
[8.150115, 159.806657, 9.178943, 50.694209]
[8.263387, 161.820395, 9.166011, 50.708389]
[8.450058, 156.702266, 10.035789, 50.739824999999996]
[8.135106, 158.478065, 9.568777, 50.621302]
[8.223098, 161.971025, 9.944316, 50.687746000000004]
[8.236942, 159.003575, 9.886066, 50.744012000000005]
[8.173577, 157.651417, 9.398301, 50.689085]
[8.098312, 153.966627, 9.043892, 50.711451000000004]
[8.30735, 148.040846, 9.765938, 50.741327]
[8.074293, 147.689364, 9.307736, 50.835643]
