[10.1531708, 0.4013627963553177, [(0, 10.94077), (4, 10.057622), (2, 10.026443), (3, 9.879555), (1, 9.861464)]]
[10.1260944, 0.3828496539962394, [(0, 10.890793), (1, 9.95608), (4, 9.955917), (2, 9.92212), (3, 9.905562)]]
[9.9541326, 0.07312870500863561, [(0, 10.072349), (4, 9.989532), (2, 9.949345), (1, 9.894088), (3, 9.865349)]]
[10.1396768, 0.4218693377895103, [(0, 10.968178), (4, 10.086579), (2, 9.892422), (3, 9.879454), (1, 9.871751)]]
[9.950325799999998, 0.060126941586613365, [(2, 10.036683), (0, 10.009221), (3, 9.910744), (1, 9.897789), (4, 9.897192)]]
[10.1452706, 0.3693860960705482, [(0, 10.880881), (1, 10.007693), (2, 9.974555), (3, 9.961077), (4, 9.902147)]]
[10.1119544, 0.34342222698515024, [(0, 10.788648), (1, 10.019246), (3, 9.976469), (4, 9.933817), (2, 9.841592)]]
[10.1329294, 0.3921301892104712, [(0, 10.911076), (2, 10.003381), (3, 9.967748), (1, 9.925896), (4, 9.856546)]]
[10.1288412, 0.3486027710517518, [(0, 10.807264), (2, 10.07143), (1, 9.990014), (4, 9.953102), (3, 9.822396)]]
[10.122126, 0.5020749526375521, [(0, 11.120463), (3, 9.929776), (1, 9.89799), (4, 9.891237), (2, 9.771164)]]
[9.9695468, 0.17859683781008, [(1, 10.166611), (3, 10.043284), (0, 10.025439), (4, 9.977554), (2, 9.634846)]]
[10.167356999999999, 0.3810120937566151, [(0, 10.918), (4, 10.08475), (2, 10.009778), (1, 9.927094), (3, 9.897163)]]
[10.1833058, 0.4074270750003738, [(0, 10.960565), (2, 10.162092), (4, 10.083214), (1, 9.866426), (3, 9.844232)]]
[9.975738, 0.1531214428837451, [(1, 10.118922), (3, 10.050515), (4, 10.042732), (0, 9.985), (2, 9.681521)]]
[10.137380799999999, 0.3973690274887565, [(0, 10.928096), (4, 9.990008), (2, 9.97778), (3, 9.90207), (1, 9.88895)]]
[10.5299384, 0.8263694268160217, [(4, 11.900866), (0, 11.077473), (2, 9.953622), (3, 9.893342), (1, 9.824389)]]
[10.1563128, 0.377692335425224, [(0, 10.89523), (3, 10.084941), (4, 9.983061), (1, 9.979826), (2, 9.838506)]]
[10.1207836, 0.3506150513851907, [(0, 10.803125), (1, 10.102324), (4, 9.924365), (3, 9.908062), (2, 9.866042)]]
[9.933226, 0.0825033618175646, [(1, 10.027711), (3, 9.992522), (4, 9.932329), (0, 9.927151), (2, 9.786417)]]
[10.1293656, 0.3569198658565253, [(0, 10.831389), (1, 10.061887), (3, 9.967016), (2, 9.922655), (4, 9.863881)]]
[10.1388418, 0.3470959029077697, [(0, 10.82128), (1, 10.044942), (3, 10.033507), (2, 9.89773), (4, 9.89675)]]
[10.1416778, 0.43425663637319356, [(0, 11.005926), (4, 10.002705), (3, 9.925694), (2, 9.899637), (1, 9.874427)]]
[10.147965, 0.37333535804528367, [(0, 10.852133), (4, 10.105424), (2, 10.081082), (1, 9.945199), (3, 9.755987)]]
[10.1242604, 0.3750450428717064, [(0, 10.864832), (2, 10.014597), (4, 9.978686), (1, 9.925498), (3, 9.837689)]]
[10.1375492, 0.3958846914238535, [(0, 10.927368), (2, 9.965712), (4, 9.955598), (1, 9.952047), (3, 9.887021)]]
[10.148802400000001, 0.3576519463263694, [(0, 10.846873), (1, 10.115601), (4, 9.977494), (3, 9.905337), (2, 9.898707)]]
[10.137817, 0.42133057703138493, [(0, 10.972769), (4, 10.038804), (2, 9.897452), (1, 9.896224), (3, 9.883836)]]
[10.142290200000001, 0.4060351726062163, [(0, 10.953517), (2, 9.96569), (1, 9.953772), (4, 9.919865), (3, 9.918607)]]
[10.1482654, 0.3726936570013496, [(0, 10.829054), (1, 10.211741), (4, 10.065833), (3, 9.841791), (2, 9.792908)]]
[10.1671286, 0.4343237551673174, [(0, 10.996165), (4, 10.101587), (1, 10.029422), (3, 9.989918), (2, 9.718551)]]
