[0.080240732, 0.08110636199999996, 0.08022829199999998, 0.07899281799999996, 0.08060448999999997, 0.07890277799999998, 0.08010904000000002, 0.07970260600000005, 0.07865506599999998, 0.07846542199999999, 0.08051760200000002, 0.077233582, 0.07835000799999998, 0.07745131600000009, 0.076681372, 0.07797235599999996, 0.07917591400000003, 0.07980911800000001, 0.07749726200000004, 0.07736411799999997, 0.07851838799999995, 0.07849954, 0.08048162999999994, 0.07948582399999994, 0.07660690199999998, 0.07827153000000012, 0.07904155, 0.07805705999999998, 0.07733667999999999, 0.07877505600000002]
[0.13221743333333333, 0.1294667, 0.13058156666666665, 0.12861033333333333, 0.12149530000000001, 0.11946986666666663, 0.12792069999999997, 0.12657456666666667, 0.12129736666666671, 0.11649529999999997, 0.12466566666666669, 0.11995650000000002, 0.11876910000000002, 0.12554776666666664, 0.11757546666666666, 0.12254530000000001, 0.12018923333333337, 0.12917369999999997, 0.11726016666666665, 0.12199506666666665, 0.12698853333333335, 0.12363023333333337, 0.12797889999999998, 0.12697566666666668, 0.11927206666666665, 0.12490109999999999, 0.12425473333333331, 0.1176950666666667, 0.11826063333333334, 0.11991569999999999]
[0.07692307021276597, 0.07801953191489358, 0.07701425319148938, 0.07582574255319142, 0.07799443829787236, 0.0763133893617021, 0.07705723191489369, 0.07671077872340419, 0.0759332170212766, 0.07603798297872334, 0.07769964042553194, 0.07450658723404256, 0.07577006595744679, 0.07438132978723416, 0.07407111063829792, 0.07512727446808509, 0.07655804255319155, 0.07665818723404255, 0.0749592042553192, 0.07451533404255323, 0.07542454893617019, 0.07561885744680846, 0.0774498893617021, 0.07645455744680846, 0.07388359361702129, 0.07529517446808516, 0.07615560212765952, 0.07552697446808511, 0.07472451276595751, 0.07614905744680855]
[0.038650227135841944, 0.027228973129498568, 0.027125903471160846, 0.025545360271581146, 0.025737666921418885, 0.023162260869369296, 0.027356361444358806, 0.02610285554989653, 0.023315444695086646, 0.021548331411316183, 0.025533382725984356, 0.023740918142297604, 0.022213961571856934, 0.02677069619632901, 0.02225475600561857, 0.02905638532745022, 0.021515436535255433, 0.02616973593493207, 0.0226847575313768, 0.02736169989090729, 0.026346243093113973, 0.03132563923804909, 0.026063756249034793, 0.024650130913587944, 0.022197876245451865, 0.024782728978486223, 0.02564116353435428, 0.023321198384053943, 0.02313318072253791, 0.022905901385120473]
[0.1462965289193341, 0.0946096650634067, 0.09472479855056727, 0.08694307125214495, 0.0768734575620437, 0.08053783873299694, 0.09631091567216044, 0.09066428322872734, 0.08112648175595247, 0.07401381507716426, 0.08990680767266121, 0.08234323618154682, 0.07654516803619939, 0.09430555610273211, 0.07757287693205375, 0.10625488078708038, 0.07338730004330146, 0.09103602497881447, 0.07895667106461336, 0.09930114275943097, 0.09249832240306967, 0.11643278269361636, 0.0908069924438091, 0.08518292222988257, 0.0756841702709064, 0.08578574304834496, 0.08987129727483754, 0.08186739917856327, 0.08104008465793676, 0.07858494517914995]
[0.00629407686616535, 0.007654612572574492, 0.00615491609305032, 0.006674591272504836, 0.01462759930214337, 0.006705488545158249, 0.006988665007165937, 0.0071403499993164775, 0.005893893006317901, 0.0067895952503474084, 0.006728159280097769, 0.00654781982360467, 0.006327196360890554, 0.006136952921907455, 0.005406538152669395, 0.006527673254884896, 0.005871375135448929, 0.005839814564150715, 0.006492902981601719, 0.005637608625467672, 0.0057250213431497485, 0.006349141307906427, 0.006569221717924317, 0.005487584438152072, 0.005913354111288379, 0.0060005189828195625, 0.006714177816080904, 0.006640821853088255, 0.006031312008817765, 0.00700375508057033]
0.07880448046666667
0.12338932444444443
0.07595863936170215
0.025448097783510922
0.088982172658435
0.006629157922508861
