0.0869083414889
0.0515612998576
0.0492836620197
0.0674591787295
0.049293927711
0.00383479346974
0.0678112397183
0.0446896121522
0.0496011037382
0.0705439547077
0.00622605697979
0.0512405679307
0.0768597962084
0.00502055245754
0.00888128875314
0.00503577016553
0.00363040883587
0.00535040627076
0.0469344923716
0.00464615941708
0.0058584327195
0.00395403141729
0.00430145627227
0.00534675074996
0.00465096057808
0.00484396185197
0.00368851308735
0.00499123837729
0.00306099822879
0.0123905179869
0.0182484346652
0.00614572154782
0.00469056723897
0.0055517534016
0.00556383701135
0.00528066606237
0.00451194053362
0.00466879944371
0.00356523917602
0.00421804390433
0.00550102200252
0.00519098093963
0.0041441925706
0.00533049439817
0.00743465530427
0.00637320235404
0.00604123121888
0.00372383254845
0.00774703402808
0.00531380588122
0.00344281372072
0.00530483107166
0.00611718307938
0.00323565729129
0.00322475824141
0.0047797970144
0.00413090652467
0.00342606900187
0.0037255993069
0.00330186112098
0.00383742368205
0.00350974824675
0.00440160329072
0.00917361607855
0.00902516157375
0.00560176532939
0.00570929167002
0.00692445301297
0.00387844995613
0.00398265977862
0.00594433741275
0.00859862243754
0.00339107076977
0.0031866542756
0.00345806014407
0.00423242946571
0.00356453041461
0.00328857930217
0.00361751808242
0.00302595731941
0.00386392579711
0.00325342462987
0.00401385748571
0.00345051095105
0.00588990905693
0.00373153205117
0.00482347158348
0.00264195042451
0.00584286690475
0.0040512422387
0.00467462046576
0.00384427684574
0.00322440804628
0.00361901580544
0.00424028671148
0.00344563369579
0.00334304835426
0.00383120563908
0.00391727717455
0.00744164514734
0.00457348408753
0.00965430964561
0.00535766991445
0.00759092832268
0.00895732568869
0.00464978911875
0.00549875915791
0.00488057034019
0.00276867256621
0.00340060466584
0.00359028350923
0.00369331473055
0.00260311936146
0.00322167290912
0.0040183877404
0.00347632195814
0.00327181414848
0.00316170707846
0.00356891379071
0.00353963624057
0.00349897295153
0.00295978835373
0.00286610505138
0.00323361237713
0.00572518883958
0.00379256634616
0.00686117324119
0.00454647243427
0.00406653199176
0.00325465857383
0.00430759934444
0.00329466676599
0.00451401188154
0.00285267862991
0.0049074016783
0.00403536143349
0.00369781159922
0.0032439582399
0.00465303863931
0.00553584537718
0.00270846844894
0.00281428220748
0.00329434948561
0.00382015775707
0.00514637622982
0.00509453814383
0.00628724897409
0.00423304491157
0.00630098471634
0.00604350141051
0.0067503273965
0.00574106972804
0.00449024688025
0.00445757281738
0.00643721796888
0.00347189810222
0.00313028223151
0.00734467282903
0.00366582475016
0.00321474130374
0.00461959323233
0.00321540637487
0.00426280699761
0.00282454402692
0.00391674273118
0.00441376855608
0.00351468759098
0.00313542059486
0.00281275198259
0.0036240792725
0.00258763883793
0.00354980823034
0.00519417810588
0.00334008323981
0.00424633377502
0.00328809409436
0.00319611212152
0.00316347596377
0.00342313525815
0.00472862493332
0.00462422451985
0.0044132907858
0.00578560088697
0.00347418031899
0.00334791017137
0.00383300178697
0.00530995026551
0.00993145677493
0.00580575112989
0.00574365367079
0.0050095405428
0.00782858169991
0.00622452973583
0.00554737615865
0.00261843450346
0.00440860407751
0.00413808645579
0.00641940878586
0.00391597711504
0.0038209974976
0.00449979330994
0.00367397808679
0.00413860559515
0.00443030721082
0.00430759820421
0.00377251899399
0.00358141170242
0.00297725433561
0.0047934080394
0.00333199687808
0.00618253927552
0.00256491199438
0.00342348034884
0.00295371318776
0.00271005536659
0.00321009580006
0.00316245271216
0.00328489215128
0.00280061740911
0.00233545409551
0.00330685539851
0.00329654502725
0.00456325546074
0.00445967168697
0.00311086560015
0.0055350648601
0.00307828079652
0.00360445516071
0.00395306213572
0.00380424045405
0.00414488754451
0.00339442530564
0.00314716584335
0.00357279054086
0.00299621387402
0.00467373631037
0.0050776464571
0.00620696094048
0.00770611902206
0.00497030280589
0.00541138811479
0.00563414967221
0.00699846964264
0.00615123251868
0.00431852954141
0.00535125992475
0.00559037670456
0.00867665945601
0.00517587125988
0.0070039082404
0.00507296677651
0.00363609661343
0.00264542742209
0.00637444420026
0.00473173172481
0.0038733805872
0.00588110152012
0.00322339632151
0.00349167800094
0.00331320825871
0.00436870702827
0.00499751356799
0.00313173030696
0.00384555325827
0.00292320995255
0.00266971688803
0.0070484094919
0.00334855573179
0.00416745203918
0.00377437829303
0.00416541609886
0.00294694706811
0.00194594173602
0.00444105018061
0.00245124164999
0.00325865597738
0.00313886698614
0.00275143270174
0.00278543593237
0.00356489373692
0.00348682808438
0.00291424361141
0.00265557251433
0.00380396831115
0.00306542306596
0.00326719088804
0.00384027930929
0.00299213014349
0.00619991462522
0.00477015299883
0.0041789104513
0.00551519538941
0.00565197222029
0.00454743917484
0.0113819625248
0.00606107823787
0.00671998650098
0.00873009111324
0.00846367364184
0.0078459406733
0.00592206043808
0.00471330501689
0.00579318699815
0.00675628254466
0.00574569095313
0.00433831242676
0.00578750744852
0.00376540565632
0.00315176089759
0.00447635515868
0.00481147278734
0.00652111245801
0.00307091655084
0.00321554405644
0.00589470880819
0.00576987235955
0.00373970497886
0.00226712494877
0.00503249424805
0.0033114057104
0.00446653642658
0.00622954670689
0.00926962088737
0.00316048710732
0.00352437576128
0.00440642434899
0.00286973904911
0.00428919467448
0.00546520024885
0.00516038513474
0.00351632819556
0.00499130116191
0.00399093128772
0.00343392157436
0.00427492471162
0.00658892025516
0.00532906091467
0.00378213485922
0.00419589225063
0.00306634161756
0.00321096789925
0.00415535725286
0.00506426454735
0.0028329190803
0.00571201573926
0.00630466856165
0.00338032309698
0.00283449756492
0.00351699494266
0.00216882242908
0.00471498009705
0.00672871575827
0.00387857829065
0.0073172744604
0.00414532504355
0.00472744060671
0.00496799553598
0.00666873476597
0.00386623339311
0.00775124306024
0.00754134872081
0.00862389100091
0.00860655611186
0.00693602015736
0.0105981656853
0.0049049039524
0.00346183098888
0.00328920326878
0.00388591099343
0.00657736837285
0.00774518259171
0.00505444837313
0.00835335909972
0.00437506170128
0.00308124394451
0.00546508849415
0.004492307801
0.00386829918641
0.00667911378195
0.00290440525639
0.00394462852441
0.00340403041441
0.00393024846274
0.00511698759645
0.0032559100479
0.00421289059501
0.00545111144437
0.00456114246422
0.00363998252682
0.00268205505039
0.00573516914417
0.00446455260979
0.00486301072999
0.00458158680432
0.00440267395568
0.00384747418098
0.00528111982117
0.00405832341806
0.0030894475531
0.00263843271765
0.00272709570972
0.00251223012149
0.00290460835455
0.00363050223048
0.00279813223895
0.00458658912253
0.0052472721167
0.0481060435991
0.00341634627376
0.00372133240834
0.0043111144196
0.00743621476328
0.00430671195487
0.0116554689485
0.00557450960165
0.0029243639506
0.00325663856504
0.00652472196334
0.00396686337621
0.00346749302667
0.00460286346624
0.00629799404617
0.00739300400597
0.00697444374118
0.0111503351314
0.0070505225997
0.00433583668781
0.00421182324415
0.00496693318312
0.00762358792929
0.00348762103956
0.00380986422053
0.00377718464586
0.00455961986427
0.00413582065483
0.00346406459476
0.00342356210352
0.00433496455913
0.00345036493464
0.00778257599313
0.00543716752332
0.00417554030423
0.00455154636238
0.00698683896424
0.00497224007521
0.00399114937776
0.00332649559831
0.00378438477548
0.00309088507802
0.00607248184079
0.00375857737271
0.00769911914161
0.00421230443661
0.00352444565996
0.0070717993672
0.00340775427665
0.00369494024023
0.00520394304147
0.00491383967812
0.00446272744319
0.00344670027321
0.00298202843715
0.00390884530037
0.00253352731823
0.0035751342253
0.00378581060746
0.00361096780133
0.0031661820745
0.0042186509941
0.0036245232508
0.00404317261841
0.00290162825726
0.00462871569288
0.00414157810891
0.00409941344056
0.00415873757407
0.0045182443252
0.00319619859208
0.00381441084267
0.00377590415133
0.00330758294513
0.00361865933446
0.00633444573529
0.0030285908267
0.00463091359885
0.00458724986312
0.00296639360616
0.00441355708458
0.00424742955523
0.0026564881797
0.00714129179483
0.00473300051518
0.00355259172749
0.00311405219485
0.00378691093182
0.00590033526693
0.00325271544747
0.00445833968797
0.00949511953988
0.0073623392113
