0.4750477
0.131446833333
0.1464443
0.124530733333
0.1212644
0.106526333333
0.124334733333
0.117032233333
0.112759533333
0.359023933333
0.107505466667
0.107835066667
0.127279266667
0.0975924333333
0.0976935
0.0944902
0.0917714666667
0.0926202666667
0.102150566667
0.0889759333333
0.0908649333333
0.0879831333333
0.0861872666667
0.0889938666667
0.0875130333333
0.0867061
0.0847672666667
0.0867668333333
0.0862789
0.0892935
0.117004733333
0.0922637
0.0848881
0.0871030333333
0.0849663333333
0.0853020666667
0.0852025666667
0.0852084333333
0.0836085333333
0.0837405666667
0.0857671666667
0.0865858666667
0.0850647333333
0.0851307333333
0.0853212
0.0878024333333
0.0846164
0.0822764666667
0.0832860333333
0.0825367
0.0815391333333
0.0834626333333
0.0856642
0.0817366
0.0810611333333
0.0819399666667
0.0811875333333
0.0814261666667
0.0814997333333
0.0818180666667
0.0804598666667
0.0809073333333
0.0818949333333
0.0898211
0.0905300333333
0.0875508333333
0.0835694
0.0845999333333
0.0808377333333
0.0812232333333
0.0821887
0.0827751
0.0811413666667
0.0806641666667
0.0801162
0.0817311333333
0.0804907
0.0809082
0.0803243
0.0799519666667
0.0799023666667
0.0794523333333
0.0812358666667
0.0818681
0.0819803666667
0.0801558666667
0.0806855
0.0800484333333
0.083577
0.0803277
0.0804599666667
0.080246
0.0790501333333
0.07817
0.0796767333333
0.0795656333333
0.0790959666667
0.0792668666667
0.0799222666667
0.0832930333333
0.0800293666667
0.086208
0.0831682333333
0.085082
0.0854792
0.0815785333333
0.0813843
0.0783312333333
0.0786172333333
0.0785658
0.0778443
0.0802499666667
0.0781557
0.078958
0.0789080333333
0.0783761
0.0781916666667
0.0779245
0.0781494333333
0.0772691333333
0.0783941333333
0.0784110333333
0.0792423666667
0.0783611666667
0.0812384666667
0.0774189
0.0788642333333
0.0776427333333
0.0779194
0.0775299666667
0.0782464333333
0.0770749666667
0.078946
0.0771670333333
0.0795813666667
0.0782500333333
0.0773131
0.0762510666667
0.0777647666667
0.0793946
0.0762828333333
0.0776257
0.077848
0.0774163333333
0.0785779666667
0.0809509666667
0.0813380666667
0.0785071
0.0804130666667
0.0799709666667
0.0798938
0.0785863333333
0.0777854333333
0.0763076666667
0.0773222333333
0.0764830333333
0.0763538666667
0.0791789666667
0.0780399666667
0.0763075
0.0768236333333
0.0761846666667
0.0768246333333
0.0767468
0.0763546666667
0.078077
0.0764572666667
0.0757414
0.0757558666667
0.0759754
0.0759236666667
0.0754681666667
0.0773697333333
0.0757708666667
0.0765300666667
0.0766824
0.0768438
0.0762116
0.0757082666667
0.0762242
0.0764713
0.0763618
0.0762109
0.0751563333333
0.0750521333333
0.0759590333333
0.0762083333333
0.0790758333333
0.0789901333333
0.0785399
0.0770085
0.0795719666667
0.0777363666667
0.0775787666667
0.0751044666667
0.0761907666667
0.0766131333333
0.0768918
0.0769183666667
0.0762113
0.0759330333333
0.0748168666667
0.0757521666667
0.0780608666667
0.0754303333333
0.0757072
0.0758898666667
0.0746252333333
0.0769726333333
0.0752079333333
0.0765792
0.0743408333333
0.0749956333333
0.0747492666667
0.0751589
0.0751057666667
0.0760809
0.0749947666667
0.0758671666667
0.0752930333333
0.0754998
0.0745605
0.075147
0.0758296666667
0.0759648666667
0.0764948333333
0.0737919333333
0.0745421666667
0.0743625333333
0.0761026333333
0.0758819
0.0745286666667
0.0743657666667
0.0749945333333
0.0750667666667
0.0764846333333
0.0767217
0.0763605
0.0775591333333
0.0763915333333
0.0769129333333
0.0769390666667
0.0772398333333
0.0789869666667
0.076444
0.0768878666667
0.0763003666667
0.0773454666667
0.0758669666667
0.0762846
0.0753231333333
0.0754274666667
0.0745442333333
0.0756500666667
0.0754724666667
0.0743236
0.0755769
0.0756522333333
0.0746987333333
0.0744963666667
0.0752570333333
0.0763590666667
0.0734055333333
0.0748037333333
0.0732622
0.0744240666667
0.0752143666667
0.0741333333333
0.0739883666667
0.0754106333333
0.0748443
0.0739916666667
0.0736574
0.0747174
0.0735838
0.0733807666667
0.0740101
0.0740127666667
0.073791
0.0733883333333
0.0741901
0.0740752
0.0736345666667
0.0752587666667
0.0747084
0.0745759666667
0.0742884
0.0731232666667
0.0753072
0.0736776333333
0.0747158
0.0767825
0.0754182333333
0.0752264666667
0.0770675333333
0.0757238333333
0.0762326
0.0794064333333
0.0785421333333
0.0764168666667
0.0753693666667
0.0741998666667
0.0751347333333
0.0752459
0.0747359333333
0.0742524333333
0.075144
0.0742209
0.0743233333333
0.0753764
0.0748835
0.0745409
0.0734249333333
0.0744082333333
0.076601
0.0752007666667
0.0743550666667
0.07292
0.0736661
0.0726112333333
0.0740895
0.0750024
0.0748869333333
0.0730866666667
0.0727366
0.0737793
0.0725837
0.0741443333333
0.0731868
0.0731741666667
0.0718995666667
0.0738316666667
0.0732527
0.0717817666667
0.0730351
0.0743210666667
0.0734020333333
0.0725502
0.0738455666667
0.0727728666667
0.0723155
0.0727620333333
0.0723841666667
0.0722961333333
0.0727808333333
0.0734191666667
0.0714134
0.0718272333333
0.0725902
0.0716940666667
0.0721514666667
0.0738723333333
0.0736259
0.0741689333333
0.0723505
0.0732419
0.0734594333333
0.0737974333333
0.0735255
0.0751735666667
0.0741222666667
0.0755139333333
0.0748566
0.0748551
0.0751298
0.0733354666667
0.0713552666667
0.0720317
0.0724004666667
0.0739997666667
0.0735734333333
0.0732849
0.0751864666667
0.0727969
0.0727102333333
0.0744644666667
0.0721714333333
0.0713130666667
0.0722704333333
0.0712862
0.0727247333333
0.0720112666667
0.0719482333333
0.0726287333333
0.0721804
0.0737150333333
0.0729107666667
0.0730257666667
0.0723160666667
0.0726682
0.0728627666667
0.0724028333333
0.0722192
0.0718504333333
0.0723198
0.0725134
0.0730619666667
0.0715569666667
0.0702155
0.0713631666667
0.0718033
0.0712465
0.0723508
0.0715195666667
0.0708592
0.0719025666667
0.071346
0.0802001
0.0715782666667
0.0716448
0.0712371666667
0.0737981666667
0.0716699333333
0.0739363
0.0722123666667
0.0711285333333
0.0712987
0.0723453666667
0.0718192333333
0.0719971
0.0721723333333
0.0733511666667
0.0739700333333
0.0733579666667
0.0750547
0.0732850666667
0.0731745
0.0729246
0.0731097666667
0.0736408666667
0.0717465333333
0.0724975666667
0.0714618666667
0.0728804
0.0724076666667
0.0716505
0.0723527
0.0722327333333
0.0723255333333
0.0731216666667
0.0722993
0.0726870333333
0.0717736666667
0.0733642333333
0.0720026333333
0.0715766666667
0.0719480333333
0.0713152666667
0.0717066333333
0.0720436
0.071462
0.0738949
0.072442
0.0709873
0.0729291
0.0714523
0.0721027666667
0.0717102333333
0.0727004666667
0.0718536333333
0.0718706
0.071701
0.0724584666667
0.0719968333333
0.0722869333333
0.0710803333333
0.0710022666667
0.0708300666667
0.0708157
0.0711390666667
0.0706963333333
0.0714183
0.0714560333333
0.0729609666667
0.0718081
0.0713463
0.0728551333333
0.0706554
0.0720737
0.0714838
0.0712218333333
0.0709572333333
0.0719556
0.0705142666667
0.0715158
0.0729174
0.0709522
0.0715928333333
0.0718448
0.0710158666667
0.0728656333333
0.0720207
0.0711025333333
0.0717738333333
0.0728508333333
0.0728892666667
0.0718915333333
0.0723276
0.0745623
0.0735402666667
