[[1, 0.869513], [10, 0.376692]]
[[1, 0.500001], [7, 0.390159], [13, 0.311176], [31, 0.169021]]
[[1, 0.456647], [2, 0.40765], [10, 0.367448]]
[[1, 0.431685], [4, 0.369977], [10, 0.347574]]
[[1, 0.430063], [10, 0.37671], [408, 0.33855]]
[[1, 0.474748], [10, 0.348688]]
[[1, 0.461986], [4, 0.382809], [10, 0.391963]]
[[1, 0.460692], [10, 0.339386], [13, 0.374868]]
[[1, 0.471382], [10, 0.36139]]
[[1, 0.438406], [3, 0.148091], [10, 0.330147], [31, 0.14979]]
[[1, 0.432813], [5, 0.384904], [10, 0.351858]]
[[1, 0.465036], [10, 0.376203]]
[[1, 0.446474], [10, 0.347422]]
[[1, 0.448331], [3, 0.408247], [10, 0.356382]]
[[1, 0.448793], [10, 0.353325]]
[[1, 0.438004], [10, 0.583773]]
[[1, 0.443801], [3, 0.152598], [10, 0.32343]]
[[1, 0.454614], [10, 0.355466], [13, 0.379733]]
[[1, 0.461761], [10, 0.348007]]
[[1, 0.454459], [10, 0.5224]]
[[1, 0.46124], [9, 0.378836], [10, 0.347704]]
[[1, 0.701112], [10, 0.339633]]
[[1, 0.446185], [10, 0.356169], [12, 0.382932]]
[[1, 0.449431], [10, 0.325509], [19, 0.34908]]
[[1, 0.451292], [10, 0.336186]]
[[1, 0.431836], [8, 0.356448], [10, 0.342227]]
[[1, 0.458508], [7, 0.364607], [10, 0.338543]]
[[1, 0.460904], [10, 0.375647]]
[[1, 0.44537], [10, 0.388064]]
[[1, 0.456344], [10, 0.354599]]
