first at GeneralizedLinearAlgorithm.scala:246	count at DataValidators.scala:40	count at GradientDescent.scala:209	treeAggregate at GradientDescent.scala:239
[9.282925, 3.678353, 0.081845, 40.120366]
[6.05922, 3.607832, 0.083369, 40.55318099999998]
[9.166916, 3.588996, 0.085512, 40.11414599999999]
[9.118949, 3.57675, 0.083742, 39.496408999999986]
[5.972674, 3.617306, 0.082349, 40.302244999999985]
[8.97187, 3.781607, 0.072757, 39.45138899999999]
[9.175571, 3.551666, 0.078324, 40.05452000000001]
[9.088778, 3.57918, 0.071303, 39.85130300000002]
[9.05217, 3.866038, 0.082217, 39.32753299999999]
[9.046793, 3.801942, 0.084199, 39.232710999999995]
[9.002933, 3.598135, 0.075726, 40.25880100000001]
[9.030916, 3.774431, 0.073875, 38.616791]
[9.013048, 3.856907, 0.073555, 39.175003999999994]
[8.988892, 3.616729, 0.070003, 38.725658000000045]
[8.994493, 3.775056, 0.080116, 38.340686]
[8.952486, 3.541368, 0.072598, 38.98617799999998]
[9.138065, 3.737736, 0.079848, 39.58795700000002]
[8.988431, 3.576403, 0.07925, 39.904559000000006]
[9.048096, 3.814212, 0.082799, 38.74863100000002]
[9.018488, 3.573723, 0.07913, 38.68205899999998]
[8.974679, 3.589103, 0.075786, 39.25919399999998]
[9.033047, 3.586873, 0.07663, 39.249770000000005]
[9.06429, 3.631519, 0.090442, 40.24081499999997]
[9.000854, 3.520646, 0.074454, 39.74291199999997]
[9.025563, 3.832784, 0.076058, 38.30345099999999]
[8.959802, 3.5948, 0.073817, 39.135765000000056]
[9.119983, 3.569528, 0.072256, 39.520775]
[9.025218, 3.778015, 0.080716, 39.02852999999999]
[9.116305, 3.819395, 0.072031, 38.66833999999999]
[9.05674, 3.732571, 0.086064, 39.38752800000001]
