[0.080240732, 0.038650227135841944, [(0, 0.869513), (9, 0.376692), (2, 0.128392), (1, 0.124836), (29, 0.121931), (30, 0.119824), (7, 0.109556), (4, 0.107912), (10, 0.106572), (499, 0.106117)]]
[0.08110636199999996, 0.027228973129498568, [(0, 0.500001), (6, 0.390159), (12, 0.311176), (30, 0.169021), (2, 0.145711), (4, 0.117772), (13, 0.117025), (5, 0.116757), (1, 0.11654), (7, 0.113244)]]
[0.08022829199999998, 0.027125903471160846, [(0, 0.456647), (1, 0.40765), (9, 0.367448), (2, 0.136377), (4, 0.119232), (30, 0.115743), (12, 0.114643), (5, 0.111387), (14, 0.111329), (6, 0.110265)]]
[0.07899281799999996, 0.025545360271581146, [(0, 0.431685), (3, 0.369977), (9, 0.347574), (2, 0.139884), (14, 0.136986), (10, 0.128661), (1, 0.126399), (4, 0.112189), (11, 0.10975), (64, 0.109565)]]
[0.08060448999999997, 0.025737666921418885, [(0, 0.430063), (9, 0.37671), (407, 0.33855), (18, 0.14127), (294, 0.129911), (1, 0.128998), (2, 0.127725), (71, 0.120358), (44, 0.120123), (7, 0.119229)]]
[0.07890277799999998, 0.023162260869369296, [(0, 0.474748), (9, 0.348688), (2, 0.135134), (1, 0.116582), (7, 0.116244), (6, 0.110175), (4, 0.108097), (63, 0.107375), (12, 0.106428), (10, 0.105892)]]
[0.08010904000000002, 0.027356361444358806, [(0, 0.461986), (9, 0.391963), (3, 0.382809), (2, 0.150234), (364, 0.127832), (30, 0.117923), (1, 0.113281), (7, 0.110103), (10, 0.106556), (6, 0.104833)]]
[0.07970260600000005, 0.02610285554989653, [(0, 0.460692), (12, 0.374868), (9, 0.339386), (30, 0.1518), (2, 0.139652), (1, 0.118853), (101, 0.118239), (4, 0.112207), (10, 0.111259), (70, 0.106519)]]
[0.07865506599999998, 0.023315444695086646, [(0, 0.471382), (9, 0.36139), (2, 0.141743), (1, 0.126442), (48, 0.120552), (8, 0.115416), (30, 0.112491), (10, 0.11207), (3, 0.111705), (4, 0.109366)]]
[0.07846542199999999, 0.021548331411316183, [(0, 0.438406), (9, 0.330147), (30, 0.14979), (2, 0.148091), (1, 0.119233), (4, 0.110146), (3, 0.108234), (372, 0.104122), (10, 0.104009), (5, 0.103802)]]
[0.08051760200000002, 0.025533382725984356, [(0, 0.432813), (4, 0.384904), (9, 0.351858), (2, 0.132085), (413, 0.129013), (1, 0.12316), (7, 0.113968), (12, 0.111234), (10, 0.10353), (13, 0.103208)]]
[0.077233582, 0.023740918142297604, [(0, 0.465036), (9, 0.376203), (2, 0.146864), (30, 0.122657), (1, 0.117879), (4, 0.113063), (7, 0.112913), (5, 0.111003), (8, 0.110401), (10, 0.108741)]]
[0.07835000799999998, 0.022213961571856934, [(0, 0.446474), (9, 0.347422), (2, 0.136441), (1, 0.119111), (12, 0.117448), (4, 0.117323), (3, 0.114602), (187, 0.11447), (5, 0.113792), (6, 0.111036)]]
[0.07745131600000009, 0.02677069619632901, [(0, 0.448331), (2, 0.408247), (9, 0.356382), (1, 0.120278), (3, 0.111516), (10, 0.111405), (6, 0.10783), (4, 0.107383), (7, 0.107186), (360, 0.106455)]]
[0.076681372, 0.02225475600561857, [(0, 0.448793), (9, 0.353325), (1, 0.129401), (2, 0.123909), (10, 0.116603), (30, 0.110974), (7, 0.106663), (5, 0.104812), (12, 0.104128), (20, 0.103777)]]
[0.07797235599999996, 0.02905638532745022, [(9, 0.583773), (0, 0.438004), (30, 0.134654), (2, 0.127775), (1, 0.122915), (4, 0.118236), (6, 0.114079), (187, 0.110288), (3, 0.108403), (242, 0.106357)]]
[0.07917591400000003, 0.021515436535255433, [(0, 0.443801), (9, 0.32343), (2, 0.152598), (4, 0.128034), (1, 0.116257), (5, 0.11056), (3, 0.109208), (451, 0.108161), (7, 0.106709), (18, 0.105885)]]
[0.07980911800000001, 0.02616973593493207, [(0, 0.454614), (12, 0.379733), (9, 0.355466), (2, 0.142789), (1, 0.121863), (7, 0.117356), (8, 0.11196), (6, 0.111778), (4, 0.110218), (5, 0.108862)]]
[0.07749726200000004, 0.0226847575313768, [(0, 0.461761), (9, 0.348007), (2, 0.134181), (30, 0.130044), (1, 0.114684), (4, 0.109123), (12, 0.108902), (22, 0.103583), (3, 0.102993), (357, 0.102534)]]
[0.07736411799999997, 0.02736169989090729, [(9, 0.5224), (0, 0.454459), (2, 0.145652), (1, 0.121629), (10, 0.112951), (5, 0.110694), (249, 0.10772), (3, 0.107343), (7, 0.105949), (6, 0.105565)]]
[0.07851838799999995, 0.026346243093113973, [(0, 0.46124), (8, 0.378836), (9, 0.347704), (2, 0.146684), (29, 0.141466), (1, 0.119495), (10, 0.113863), (7, 0.1114), (4, 0.109871), (5, 0.108518)]]
[0.07849954, 0.03132563923804909, [(0, 0.701112), (9, 0.339633), (1, 0.132019), (2, 0.124879), (362, 0.112115), (3, 0.108702), (4, 0.107851), (5, 0.105281), (67, 0.104104), (6, 0.104087)]]
[0.08048162999999994, 0.026063756249034793, [(0, 0.446185), (11, 0.382932), (9, 0.356169), (2, 0.137451), (1, 0.12475), (30, 0.119348), (10, 0.114296), (3, 0.114287), (7, 0.112049), (247, 0.111722)]]
[0.07948582399999994, 0.024650130913587944, [(0, 0.449431), (18, 0.34908), (9, 0.325509), (2, 0.136433), (1, 0.120888), (4, 0.119104), (30, 0.115523), (10, 0.114634), (6, 0.109403), (5, 0.106749)]]
[0.07660690199999998, 0.022197876245451865, [(0, 0.451292), (9, 0.336186), (1, 0.133014), (2, 0.128285), (7, 0.113628), (10, 0.107723), (5, 0.107186), (8, 0.106921), (4, 0.106325), (3, 0.105731)]]
[0.07827153000000012, 0.024782728978486223, [(0, 0.431836), (7, 0.356448), (9, 0.342227), (2, 0.137959), (1, 0.124278), (4, 0.114175), (30, 0.112395), (6, 0.107813), (10, 0.106537), (5, 0.104965)]]
[0.07904155, 0.02564116353435428, [(0, 0.458508), (6, 0.364607), (9, 0.338543), (2, 0.133155), (30, 0.121045), (64, 0.120382), (1, 0.116544), (4, 0.111814), (5, 0.106919), (10, 0.106164)]]
[0.07805705999999998, 0.023321198384053943, [(0, 0.460904), (9, 0.375647), (2, 0.139881), (30, 0.133627), (1, 0.113474), (298, 0.107997), (7, 0.105567), (4, 0.105472), (14, 0.105172), (5, 0.104235)]]
[0.07733667999999999, 0.02313318072253791, [(0, 0.44537), (9, 0.388064), (1, 0.130547), (30, 0.125802), (4, 0.122969), (2, 0.120877), (7, 0.110001), (15, 0.106367), (6, 0.103918), (12, 0.103614)]]
[0.07877505600000002, 0.022905901385120473, [(0, 0.456344), (9, 0.354599), (2, 0.144241), (30, 0.137745), (1, 0.122405), (424, 0.116968), (4, 0.116296), (3, 0.113837), (6, 0.110972), (15, 0.109137)]]
