[2.475603, 1.528981, 1.634525, 1.623693, 1.552348]
[2.17475, 1.525224, 1.623563, 1.64791, 1.492501]
[2.254538, 1.579274, 1.634959, 1.610698, 1.590075]
[2.230026, 1.535759, 1.738026, 1.691061, 1.607953]
[2.255444, 1.679395, 1.617776, 1.615002, 1.592289]
[2.283399, 1.714, 1.545785, 1.547661, 1.618418]
[2.06071, 1.610242, 1.687497, 1.632921, 1.566052]
[2.140614, 1.599205, 1.64551, 1.611044, 1.555837]
[2.200389, 1.66801, 1.622641, 1.625372, 1.618762]
[2.201621, 1.602385, 1.683442, 1.623248, 1.549933]
[2.144649, 1.592588, 1.666709, 1.53409, 1.605989]
[2.223859, 1.624414, 1.608444, 1.458151, 1.564717]
[2.12911, 1.660733, 1.693567, 1.655026, 1.563202]
[2.148237, 1.648322, 1.478891, 1.581602, 1.540126]
[2.183959, 1.585067, 1.662365, 1.550985, 1.549855]
[2.356321, 1.662644, 1.641003, 1.648044, 1.5974]
[2.12428, 1.660427, 1.566571, 1.628693, 1.602447]
[2.240999, 1.599423, 1.537875, 1.514989, 1.563762]
[2.289672, 1.657625, 1.604614, 1.596771, 1.599544]
[2.209705, 1.610234, 1.655079, 1.579736, 1.538529]
[2.308061, 1.739398, 1.726048, 1.658449, 1.601609]
[2.362915, 1.585699, 1.675092, 1.537943, 1.513432]
[2.121107, 1.610892, 1.615815, 1.708669, 1.576475]
[2.161787, 1.670266, 1.737997, 1.565056, 1.546086]
[2.21772, 1.679541, 1.570309, 1.536613, 1.507692]
[2.336952, 1.578821, 1.700707, 1.652306, 1.519256]
[2.218595, 1.649237, 1.618434, 1.572665, 1.602869]
[2.192342, 1.555573, 1.658752, 1.575553, 1.570664]
[2.190419, 1.577407, 1.699866, 1.56145, 1.610665]
[2.264108, 1.586563, 1.726844, 1.766355, 1.555378]
