first at GeneralizedLinearAlgorithm.scala:246	count at DataValidators.scala:40	count at GradientDescent.scala:209	treeAggregate at GradientDescent.scala:239
[7.819745, 19.207071, 0.28289, 8.81515]
[7.572972, 17.950397, 0.250672, 8.463948]
[7.560005, 17.385512, 0.23954, 8.669544]
[7.616311, 17.296811, 0.165579, 8.802825]
[7.661798, 17.195797, 0.197204, 8.759906]
[7.682383, 17.267023, 0.150917, 8.709263]
[10.587329, 17.099601, 0.269317, 8.557421999999999]
[10.657615, 17.630984, 0.169345, 8.552209999999999]
[10.639609, 17.194534, 0.208516, 8.735174]
[10.556698, 17.796792, 0.173169, 8.660629]
[10.596233, 17.796809, 0.165989, 8.544025]
[10.542421, 18.266145, 0.162991, 8.479585]
[10.69211, 16.89146, 0.16586, 8.701638]
[10.508483, 17.627739, 0.259595, 8.397178]
[10.47214, 16.628094, 0.217071, 8.532231]
[7.621967, 17.233806, 0.289257, 8.905412]
[9.378385, 16.335153, 0.315107, 8.582418]
[10.644464, 17.69037, 0.171845, 8.457048]
[10.688532, 17.040997, 0.192091, 8.748225999999999]
[10.692702, 17.387765, 0.186058, 8.593283]
[10.627119, 17.634641, 0.262515, 9.033565000000001]
[10.657857, 17.71196, 0.170355, 8.675081]
[10.558619, 17.698113, 0.171242, 8.632958]
[10.629695, 17.665569, 0.234004, 8.681192000000001]
[10.593076, 17.44708, 0.16298, 8.511875]
[7.674745, 17.645488, 0.216732, 8.788042]
[10.484111, 15.917639, 0.15727, 8.6618]
[10.481337, 16.839724, 0.163179, 8.552884]
[10.552582, 17.752027, 0.277023, 8.639807]
[10.572703, 17.503313, 0.283228, 8.899248]
