[1.7630299999999999, 0.35856783303804596, [(0, 2.475603), (2, 1.634525), (3, 1.623693), (4, 1.552348), (1, 1.528981)]]
[1.6927896, 0.24790566004236367, [(0, 2.17475), (3, 1.64791), (2, 1.623563), (1, 1.525224), (4, 1.492501)]]
[1.7339088, 0.2610083567408523, [(0, 2.254538), (2, 1.634959), (3, 1.610698), (4, 1.590075), (1, 1.579274)]]
[1.7605650000000002, 0.24476952556966727, [(0, 2.230026), (2, 1.738026), (3, 1.691061), (4, 1.607953), (1, 1.535759)]]
[1.7519812000000001, 0.25338487843389534, [(0, 2.255444), (1, 1.679395), (2, 1.617776), (3, 1.615002), (4, 1.592289)]]
[1.7418526, 0.2776462686359031, [(0, 2.283399), (1, 1.714), (4, 1.618418), (3, 1.547661), (2, 1.545785)]]
[1.7114843999999998, 0.1789450918025973, [(0, 2.06071), (2, 1.687497), (3, 1.632921), (1, 1.610242), (4, 1.566052)]]
[1.7104419999999998, 0.2169886876341713, [(0, 2.140614), (2, 1.64551), (3, 1.611044), (1, 1.599205), (4, 1.555837)]]
[1.7470348000000002, 0.2273783258249563, [(0, 2.200389), (1, 1.66801), (3, 1.625372), (2, 1.622641), (4, 1.618762)]]
[1.7321258, 0.2386114507289203, [(0, 2.201621), (2, 1.683442), (3, 1.623248), (1, 1.602385), (4, 1.549933)]]
[1.708805, 0.22196167134079697, [(0, 2.144649), (2, 1.666709), (4, 1.605989), (1, 1.592588), (3, 1.53409)]]
[1.6959170000000001, 0.2702713713503523, [(0, 2.223859), (1, 1.624414), (2, 1.608444), (4, 1.564717), (3, 1.458151)]]
[1.7403276, 0.19915996070957628, [(0, 2.12911), (2, 1.693567), (1, 1.660733), (3, 1.655026), (4, 1.563202)]]
[1.6794356000000001, 0.24080677867418931, [(0, 2.148237), (1, 1.648322), (3, 1.581602), (4, 1.540126), (2, 1.478891)]]
[1.7064461999999998, 0.24223274971514488, [(0, 2.183959), (2, 1.662365), (1, 1.585067), (3, 1.550985), (4, 1.549855)]]
[1.7810824, 0.2884398654046281, [(0, 2.356321), (1, 1.662644), (3, 1.648044), (2, 1.641003), (4, 1.5974)]]
[1.7164836, 0.20621618243154446, [(0, 2.12428), (1, 1.660427), (3, 1.628693), (4, 1.602447), (2, 1.566571)]]
[1.6914096, 0.27622492807826016, [(0, 2.240999), (1, 1.599423), (4, 1.563762), (2, 1.537875), (3, 1.514989)]]
[1.7496451999999998, 0.27093600800439943, [(0, 2.289672), (1, 1.657625), (2, 1.604614), (4, 1.599544), (3, 1.596771)]]
[1.7186565999999999, 0.24846367458491797, [(0, 2.209705), (2, 1.655079), (1, 1.610234), (3, 1.579736), (4, 1.538529)]]
[1.8067130000000002, 0.2555143178242659, [(0, 2.308061), (1, 1.739398), (2, 1.726048), (3, 1.658449), (4, 1.601609)]]
[1.7350162, 0.3187729106592341, [(0, 2.362915), (2, 1.675092), (1, 1.585699), (3, 1.537943), (4, 1.513432)]]
[1.7265916000000001, 0.20206754641515293, [(0, 2.121107), (3, 1.708669), (2, 1.615815), (1, 1.610892), (4, 1.576475)]]
[1.7362384000000002, 0.2240126828968395, [(0, 2.161787), (2, 1.737997), (1, 1.670266), (3, 1.565056), (4, 1.546086)]]
[1.702375, 0.26416729550419366, [(0, 2.21772), (1, 1.679541), (2, 1.570309), (3, 1.536613), (4, 1.507692)]]
[1.7576084, 0.29622362249260276, [(0, 2.336952), (2, 1.700707), (3, 1.652306), (1, 1.578821), (4, 1.519256)]]
[1.73236, 0.2443699874927361, [(0, 2.218595), (1, 1.649237), (2, 1.618434), (4, 1.602869), (3, 1.572665)]]
[1.7105768000000001, 0.24356383722170252, [(0, 2.192342), (2, 1.658752), (3, 1.575553), (4, 1.570664), (1, 1.555573)]]
[1.7279613999999999, 0.2361387314445472, [(0, 2.190419), (2, 1.699866), (4, 1.610665), (1, 1.577407), (3, 1.56145)]]
[1.7798496, 0.25504709556362326, [(0, 2.264108), (3, 1.766355), (2, 1.726844), (1, 1.586563), (4, 1.555378)]]
