s3://higgs-data/higgs
[[6.25, 0, 1], 48.995546088]
[[6.25, 0, 1], 46.00999114]
[[6.25, 0, 1], 45.006697723]
[[6.25, 0, 1], 45.573942208]
[[6.25, 0, 1], 45.393496506]
[[6.25, 0, 1], 45.326233934]
[[6.25, 0, 1], 49.489147074]
[[6.25, 0, 1], 48.078711509]
[[6.25, 0, 1], 48.54978599]
[[6.25, 0, 1], 51.023120055]
[[6.25, 0, 1], 52.572810899]
[[6.25, 0, 1], 51.331506444]
[[6.25, 0, 1], 51.422707164]
[[6.25, 0, 1], 50.840071082]
[[6.25, 0, 1], 50.910452417]
[[6.25, 0, 1], 51.546601152]
[[6.25, 0, 1], 51.464324393]
[[6.25, 0, 1], 51.3026125]
[[6.25, 0, 1], 50.718934775]
[[6.25, 0, 1], 51.978587474]
[[6.25, 0, 1], 61.730052063]
[[6.25, 0, 1], 51.420029095]
[[6.25, 0, 1], 51.435588063]
[[6.25, 0, 1], 52.027052884]
[[6.25, 0, 1], 52.047233142]
[[6.25, 0, 1], 50.825199613]
[[6.25, 0, 1], 51.25265137]
[[6.25, 0, 1], 50.83145847]
[[6.25, 0, 1], 51.218402805]
[[6.25, 0, 1], 50.855112371]
