s3://url-combined-data/url_combined
[[12.5, 1, 1], 34.246617076]
[[12.5, 1, 1], 47.577770366]
[[12.5, 1, 1], 33.788219842]
[[12.5, 1, 1], 33.485492469]
[[12.5, 1, 1], 33.551993242]
[[12.5, 1, 1], 49.944057865]
[[12.5, 1, 1], 52.869181905]
[[12.5, 1, 1], 53.480770387]
[[12.5, 1, 1], 52.710277229]
[[12.5, 1, 1], 53.249263016]
[[12.5, 1, 1], 52.670692882]
[[12.5, 1, 1], 52.745666159]
[[12.5, 1, 1], 52.926618687]
[[12.5, 1, 1], 39.477073367]
[[12.5, 1, 1], 53.722630835]
[[12.5, 1, 1], 52.874403651]
[[12.5, 1, 1], 53.000945204]
[[12.5, 1, 1], 53.605905581]
[[12.5, 1, 1], 53.827452365]
[[12.5, 1, 1], 52.480206183]
[[12.5, 1, 1], 53.16788484]
[[12.5, 1, 1], 53.240568967]
[[12.5, 1, 1], 52.394306436]
[[12.5, 1, 1], 39.692640886]
[[12.5, 1, 1], 53.479724994]
[[12.5, 1, 1], 52.810179347]
[[12.5, 1, 1], 53.108501273]
[[12.5, 1, 1], 52.947554109]
[[12.5, 1, 1], 53.614593432]
[[12.5, 1, 1], 53.283444754]
