s3://susy-data/susy
[[25, 2, 30], 90.97771396]
[[25, 2, 30], 85.383373944]
[[25, 2, 30], 76.544770137]
[[25, 2, 30], 84.371352524]
[[25, 2, 30], 85.870902836]
[[25, 2, 30], 88.204775916]
[[25, 2, 30], 78.419819331]
[[25, 2, 30], 77.927865705]
[[25, 2, 30], 89.509126968]
[[25, 2, 30], 93.576844343]
[[25, 2, 30], 79.065512457]
[[25, 2, 30], 82.892819869]
[[25, 2, 30], 76.623278818]
[[25, 2, 30], 83.936371108]
[[25, 2, 30], 80.608166947]
[[25, 2, 30], 94.810746744]
[[25, 2, 30], 105.998551997]
[[25, 2, 30], 106.639361625]
[[25, 2, 30], 79.027552293]
[[25, 2, 30], 79.332252623]
[[25, 2, 30], 80.613953221]
[[25, 2, 30], 74.827265436]
[[25, 2, 30], 77.803998498]
[[25, 2, 30], 77.962501684]
[[25, 2, 30], 91.202670823]
[[25, 2, 30], 78.267291784]
[[25, 2, 30], 83.243034478]
[[25, 2, 30], 92.385691875]
[[25, 2, 30], 79.052486023]
[[25, 2, 30], 94.097903133]
