[0.969003, 0.31939, 0.316268, 0.234112, 0.280495]
[0.862654, 0.284923, 0.419511, 0.299319, 0.295979]
[0.823087, 0.340123, 0.374209, 0.366011, 0.239912]
[0.7995, 0.38937, 0.35721, 0.293256, 0.299576]
[0.832273, 0.317314, 0.307523, 0.267158, 0.302125]
[0.811854, 0.394131, 0.302756, 0.259512, 0.24127]
[0.814468, 0.356423, 0.2915, 0.31708, 0.290854]
[0.827037, 0.331876, 0.282625, 0.250753, 0.321483]
[0.84462, 0.427964, 0.34037, 0.280468, 0.267446]
[0.780938, 0.418581, 0.358463, 0.254956, 0.284204]
[0.761851, 0.412372, 0.303423, 0.282043, 0.242623]
[0.791446, 0.374894, 0.292423, 0.288514, 0.241364]
[0.770622, 0.390069, 0.294117, 0.252673, 0.241841]
[0.842448, 0.379908, 0.308971, 0.24515, 0.259019]
[0.770201, 0.313542, 0.2973, 0.241639, 0.291145]
[0.875355, 0.357987, 0.37562, 0.253167, 0.271932]
[0.837288, 0.387124, 0.34167, 0.248398, 0.27229]
[0.820599, 0.371383, 0.393284, 0.303543, 0.239296]
[0.767729, 0.371923, 0.347481, 0.236071, 0.286856]
[0.872608, 0.357498, 0.313964, 0.367834, 0.255001]
[0.800682, 0.325139, 0.319704, 0.244301, 0.231641]
[0.824627, 0.434047, 0.309946, 0.281011, 0.257882]
[0.800619, 0.339302, 0.299397, 0.345962, 0.253202]
[0.823803, 0.339392, 0.338384, 0.300403, 0.304266]
[0.867949, 0.376087, 0.353527, 0.283045, 0.284069]
[0.862172, 0.423862, 0.280584, 0.278401, 0.248423]
[0.788316, 0.385027, 0.337687, 0.255867, 0.254514]
[0.927216, 0.372598, 0.332314, 0.255118, 0.30578]
[0.798819, 0.337698, 0.325791, 0.246476, 0.259511]
[0.802063, 0.387183, 0.29352, 0.327515, 0.259113]
