first at GeneralizedLinearAlgorithm.scala:246	count at DataValidators.scala:40	count at GradientDescent.scala:209	treeAggregate at GradientDescent.scala:239
[6.000758, 15.503897, 0.426269, 2.119268]
[5.749596, 16.623681, 0.363891, 2.162386]
[8.850363, 16.761982, 0.330102, 2.143342]
[8.89791, 15.109016, 0.343929, 2.138912]
[9.001542, 14.828181, 0.365028, 2.0263929999999997]
[8.935478, 15.112564, 0.353857, 2.009523]
[8.769775, 15.835891, 0.329417, 2.070325]
[8.877706, 15.290289, 0.227706, 2.013774]
[8.638157, 15.997635, 0.375153, 2.1608680000000002]
[8.742834, 13.781737, 0.385394, 2.097142]
[8.84295, 15.440844, 0.418197, 2.002312]
[8.774218, 14.909219, 0.415601, 1.9886409999999997]
[8.842125, 14.838915, 0.401199, 1.9493219999999998]
[8.739944, 16.747075, 0.409124, 2.035496]
[8.746773, 16.081126, 0.264914, 1.913827]
[8.505354, 15.656986, 0.407722, 2.134061]
[8.69335, 16.828883, 0.367385, 2.08677]
[8.666316, 16.158639, 0.353247, 2.1281049999999997]
[8.77941, 16.926312, 0.263928, 2.0100599999999997]
[8.613105, 15.429157, 0.365684, 2.166905]
[8.792055, 17.423398, 0.361, 1.921467]
[8.91912, 15.912618, 0.419983, 2.107513]
[8.792833, 17.588601, 0.44088, 2.038482]
[8.680776, 15.201314, 0.373233, 2.106248]
[8.772732, 16.003982, 0.405653, 2.1646769999999997]
[8.832988, 16.792598, 0.372579, 2.093442]
[8.685919, 16.195918, 0.454298, 2.021411]
[8.940782, 15.690798, 0.366066, 2.193026]
[8.65513, 15.217333, 0.381428, 1.968295]
[8.757267, 15.672156, 0.364097, 2.069394]
