[0.4238536, 0.2743095828939266, [(0, 0.969003), (1, 0.31939), (2, 0.316268), (4, 0.280495), (3, 0.234112)]]
[0.4324772, 0.22061518912749414, [(0, 0.862654), (2, 0.419511), (3, 0.299319), (4, 0.295979), (1, 0.284923)]]
[0.4286684, 0.20294190028242073, [(0, 0.823087), (2, 0.374209), (3, 0.366011), (1, 0.340123), (4, 0.239912)]]
[0.4277824, 0.1892956331050455, [(0, 0.7995), (1, 0.38937), (2, 0.35721), (4, 0.299576), (3, 0.293256)]]
[0.40527859999999993, 0.21416634243185834, [(0, 0.832273), (1, 0.317314), (2, 0.307523), (4, 0.302125), (3, 0.267158)]]
[0.40190460000000006, 0.21167357489833252, [(0, 0.811854), (1, 0.394131), (2, 0.302756), (3, 0.259512), (4, 0.24127)]]
[0.414065, 0.20162062520684731, [(0, 0.814468), (1, 0.356423), (3, 0.31708), (2, 0.2915), (4, 0.290854)]]
[0.4027548, 0.2140934427079914, [(0, 0.827037), (1, 0.331876), (4, 0.321483), (2, 0.282625), (3, 0.250753)]]
[0.43217360000000005, 0.21387259097472028, [(0, 0.84462), (1, 0.427964), (2, 0.34037), (3, 0.280468), (4, 0.267446)]]
[0.4194284, 0.18960142282862752, [(0, 0.780938), (1, 0.418581), (2, 0.358463), (4, 0.284204), (3, 0.254956)]]
[0.4004624, 0.18925994527273854, [(0, 0.761851), (1, 0.412372), (2, 0.303423), (3, 0.282043), (4, 0.242623)]]
[0.3977281999999999, 0.20149530833088894, [(0, 0.791446), (1, 0.374894), (2, 0.292423), (3, 0.288514), (4, 0.241364)]]
[0.38986439999999994, 0.19742156093355157, [(0, 0.770622), (1, 0.390069), (2, 0.294117), (3, 0.252673), (4, 0.241841)]]
[0.40709920000000005, 0.2227340888444335, [(0, 0.842448), (1, 0.379908), (2, 0.308971), (4, 0.259019), (3, 0.24515)]]
[0.3827654, 0.19519913745977466, [(0, 0.770201), (1, 0.313542), (2, 0.2973), (4, 0.291145), (3, 0.241639)]]
[0.4268122, 0.22921113618792607, [(0, 0.875355), (2, 0.37562), (1, 0.357987), (4, 0.271932), (3, 0.253167)]]
[0.417354, 0.21567391086730914, [(0, 0.837288), (1, 0.387124), (2, 0.34167), (4, 0.27229), (3, 0.248398)]]
[0.4256209999999999, 0.2047511203417456, [(0, 0.820599), (2, 0.393284), (1, 0.371383), (3, 0.303543), (4, 0.239296)]]
[0.4020119999999999, 0.18890485530446274, [(0, 0.767729), (1, 0.371923), (2, 0.347481), (4, 0.286856), (3, 0.236071)]]
[0.43338099999999996, 0.22318370940371074, [(0, 0.872608), (3, 0.367834), (1, 0.357498), (2, 0.313964), (4, 0.255001)]]
[0.3842934, 0.21163701336259688, [(0, 0.800682), (1, 0.325139), (2, 0.319704), (3, 0.244301), (4, 0.231641)]]
[0.4215026, 0.2105331846836503, [(0, 0.824627), (1, 0.434047), (2, 0.309946), (3, 0.281011), (4, 0.257882)]]
[0.4076964, 0.19923572940474304, [(0, 0.800619), (3, 0.345962), (1, 0.339302), (2, 0.299397), (4, 0.253202)]]
[0.4212496, 0.2019433968186135, [(0, 0.823803), (1, 0.339392), (2, 0.338384), (4, 0.304266), (3, 0.300403)]]
[0.43293539999999997, 0.22063662607065038, [(0, 0.867949), (1, 0.376087), (2, 0.353527), (4, 0.284069), (3, 0.283045)]]
[0.4186884, 0.2299774580002136, [(0, 0.862172), (1, 0.423862), (2, 0.280584), (3, 0.278401), (4, 0.248423)]]
[0.40428220000000004, 0.19836593873687083, [(0, 0.788316), (1, 0.385027), (2, 0.337687), (3, 0.255867), (4, 0.254514)]]
[0.43860520000000003, 0.2472672116738489, [(0, 0.927216), (1, 0.372598), (2, 0.332314), (4, 0.30578), (3, 0.255118)]]
[0.393659, 0.205694358667417, [(0, 0.798819), (1, 0.337698), (2, 0.325791), (4, 0.259511), (3, 0.246476)]]
[0.4138788, 0.19864392183240845, [(0, 0.802063), (1, 0.387183), (3, 0.327515), (2, 0.29352), (4, 0.259113)]]
