s3://susy-data/susy
[[25, 2, 1], 67.469851326]
[[25, 2, 1], 65.944245852]
[[25, 2, 1], 69.015909485]
[[25, 2, 1], 65.01868438]
[[25, 2, 1], 95.492484348]
[[25, 2, 1], 83.448885452]
[[25, 2, 1], 85.447157073]
[[25, 2, 1], 87.626790227]
[[25, 2, 1], 67.078237484]
[[25, 2, 1], 66.614307981]
[[25, 2, 1], 63.993355961]
[[25, 2, 1], 66.891265009]
[[25, 2, 1], 69.296584665]
[[25, 2, 1], 81.629843651]
[[25, 2, 1], 63.053562614]
[[25, 2, 1], 68.882099458]
[[25, 2, 1], 79.887179343]
[[25, 2, 1], 65.990478136]
[[25, 2, 1], 84.155311007]
[[25, 2, 1], 68.971804763]
[[25, 2, 1], 69.528563673]
[[25, 2, 1], 68.133745393]
[[25, 2, 1], 83.984790764]
[[25, 2, 1], 68.908906331]
[[25, 2, 1], 69.085568967]
[[25, 2, 1], 68.338853639]
[[25, 2, 1], 83.896398053]
[[25, 2, 1], 70.061379795]
[[25, 2, 1], 69.30725485]
[[25, 2, 1], 69.41551108]
