[0.18276254, 0.18108615800000014, 0.1763261680000001, 0.179910732, 0.17869787999999995, 0.1831074060000001, 0.17790583800000018, 0.1801697760000003, 0.17686106799999984, 0.18025396000000007, 0.17973268000000023, 0.1799086, 0.18191362200000014, 0.17994029799999975, 0.17903901000000014, 0.1810770700000002, 0.17911436399999991, 0.17850122999999987, 0.17681453599999994, 0.179537114, 0.17752923200000004, 0.18141733400000004, 0.18171387199999997, 0.178115166, 0.17862832400000003, 0.18172032000000016, 0.1780264659999999, 0.1786440379999999, 0.17952978399999983, 0.18066487400000006]
[0.4102271333333334, 0.3902980666666666, 0.3852797, 0.38020813333333325, 0.37655349999999993, 0.39483849999999987, 0.41880436666666665, 0.38918826666666667, 0.3753124, 0.4037334, 0.38864040000000005, 0.37444073333333333, 0.40577926666666675, 0.4045301666666666, 0.3976324333333333, 0.4064790333333334, 0.38335113333333326, 0.3827855666666666, 0.35356209999999993, 0.39329199999999986, 0.39482169999999994, 0.39814740000000004, 0.4056140666666667, 0.37994126666666656, 0.37944019999999995, 0.37790883333333336, 0.3753380999999999, 0.36565606666666667, 0.3791325666666667, 0.3973331]
[0.16824352340425544, 0.1677322063829788, 0.1629887085106384, 0.1671257914893618, 0.1660687978723404, 0.16959265531914908, 0.16252933617021295, 0.1668281702127661, 0.16419396170212755, 0.16598931489361704, 0.16639814468085118, 0.16749165531914892, 0.16762432553191495, 0.16560477446808503, 0.16508623829787247, 0.16668971063829788, 0.16607797446808517, 0.1654618042553191, 0.16553277659574467, 0.16589318510638296, 0.16365950000000015, 0.16758350000000016, 0.16742237021276615, 0.16523264893617007, 0.16581054468085105, 0.1691976489361702, 0.1654321063829787, 0.16670709999999994, 0.16678918085106376, 0.16683498723404244]
[0.08859804119760432, 0.10143276463530425, 0.08168330184648373, 0.08574314478270657, 0.07698427712545977, 0.07631267458445658, 0.0965566873097237, 0.07803484096879944, 0.07454826314722146, 0.08102563772235556, 0.0808979579290701, 0.07874059286952317, 0.08359385596553807, 0.08319006100467284, 0.08283181211806188, 0.09304525650955615, 0.08125178087069536, 0.07742277697942056, 0.07008519832587122, 0.08575363590144156, 0.08076232669064322, 0.08019241356618743, 0.08353988458390167, 0.07420720859974755, 0.07898798396937996, 0.07977387334210115, 0.07572262659322401, 0.0787183462579884, 0.0767464009401701, 0.07669987907259125]
[0.2443948923029739, 0.3239975058876156, 0.23342638969107585, 0.24850464772457592, 0.21355437804233843, 0.21167995648616175, 0.2879817290062552, 0.2075842939474522, 0.20825459268206625, 0.21284884290885867, 0.2130967044606118, 0.21227070482867447, 0.22919883520281883, 0.23275107941906287, 0.22607797078569794, 0.2712412427751949, 0.23288170970426642, 0.21322995403424339, 0.1852866621559415, 0.25257175765222317, 0.2323806345692558, 0.21393955659992692, 0.22779089978705372, 0.19333514207129776, 0.22573886777194577, 0.2193632932549843, 0.20688702769746103, 0.22953911300646684, 0.207450378776658, 0.20898888371256338]
[0.032012612133519434, 0.035674906346146756, 0.025598781721388415, 0.03398721474731236, 0.027122960895364753, 0.017061438315822002, 0.026154382548542413, 0.027585838077442134, 0.02167067089651162, 0.026478037315633404, 0.03316913297207953, 0.03391251415741601, 0.026034425368795668, 0.021894063229516616, 0.028141928190275434, 0.032619208619183306, 0.027000952898933252, 0.025317455894504765, 0.03021276857145368, 0.025467543785070025, 0.01690774581207515, 0.02702259505757625, 0.026612280050222203, 0.026577325818804298, 0.025425257900261553, 0.032938553097802484, 0.026911359010991426, 0.02922645956089219, 0.02852417109794322, 0.016815431345776354]
0.17962164866666663
0.38894231999999995
0.1662607547517731
0.08143611684699667
0.2275415882315241
0.027135933847908557
