0.208192787382
0.157111150658
0.185269323069
0.164329635853
0.156894274926
0.163621979353
0.167115667643
0.193266936842
0.178248905431
0.207693547176
0.160181774262
0.157382831112
0.253542341984
0.179374774193
0.131042886097
0.154131831435
0.158748117819
0.167338710817
0.0993340994666
0.144462790908
0.146697399505
0.192440899406
0.158071658623
0.121303438625
0.154541822006
0.103467199852
0.137076023707
0.132312626872
0.153858743006
0.135591570868
0.140812813038
0.141833417947
0.0470974253277
0.0223912302407
0.0554556788889
0.0156724516348
0.0621152479346
0.0154403771661
0.100933440898
0.0196100424143
0.0166440802802
0.01639054923
0.0415155662213
0.0924578337506
0.0972016600822
0.0101192116346
0.0123076059144
0.053451342211
0.0598884886507
0.052212076809
0.0221011082957
0.0196360707091
0.0209977053683
0.0161706928041
0.0544142946905
0.0158241469935
0.0160339599296
0.0108263085848
0.0133473116911
0.0442799961658
0.0625305634456
0.0108421117115
0.0115666928361
0.0160518867945
0.0133885606871
0.0179577130113
0.0111931301868
0.0212620548924
0.0139642765225
0.0159257452602
0.0157570208089
0.0155790179321
0.0111979007348
0.0115857773928
0.0128197973706
0.0133878236287
0.0097378785027
0.0154457998794
0.0162233695705
0.0118764916472
0.0115645356572
0.0131259068282
0.0110935744066
0.0120854489999
0.0157424915261
0.013702576123
0.0149252839743
0.00896101752438
0.0105271643792
0.0152282763052
0.0145482970948
0.0156628822422
0.0156020124491
0.0193860362641
0.0154574770471
0.0168005486468
0.0198159392442
0.0145494485517
0.0121758706043
0.0146682999053
0.0111997027234
0.0116018239938
0.0119698566705
0.0115405978619
0.0145914926641
0.0131475480217
0.0142733628242
0.014881426522
0.0139035019752
0.01278550767
0.0150374599432
0.0136323130078
0.0190359411285
0.0161253461414
0.0171399962129
0.0136465827233
0.0162052028285
0.013698819438
0.0164789048169
0.0111150140229
0.0114584713422
0.0135831604143
0.0106768124655
0.0109833848849
0.0127779480803
0.0123865666557
0.0131189862327
0.0104849718332
0.0114053082919
0.0148199202682
0.0124252597691
0.0170844699941
0.0158014523752
0.0121270428838
0.0126319071143
0.0104376235567
0.0114939555504
0.0122544151982
0.013895152616
0.0127319301191
0.017483540628
0.014691427424
0.0142534391347
0.0139553539664
0.0212488453172
0.0172781760845
0.0128299065362
0.0122463561621
0.0114909554658
0.0149602463028
0.0178478446275
0.0147094230467
0.011419200879
0.0101309726992
0.0121366608791
0.011462012635
0.0136216456743
0.0100749466266
0.0150467922184
0.00931779761866
0.0138709281554
0.0179430782671
0.0127182396146
0.0152801030603
0.01428120504
0.0092646328346
0.00965540899698
0.012270623007
0.0115733099635
0.017512414936
0.0130856584384
0.0701186269734
0.0137863043805
0.0143281893657
0.0153258266881
0.0120544976466
0.0117109931271
0.0125717255901
0.0151631762674
0.0150897868744
0.0139648941701
0.0181241341088
0.0156030859734
0.0126924817724
0.0154855425201
0.010504645416
0.00982414176382
0.0147607785036
0.0177941957269
0.013659228341
0.017042286321
0.0146692616797
0.0126507027893
0.00789339040773
0.010368402704
0.0573402870272
0.00925662984634
0.00926240042208
0.0118863695817
0.0137091180892
0.0100311937956
0.0144378584356
0.0137307561079
0.0096641927743
0.058196006214
0.0121869311989
0.0131611851162
0.0148745847829
0.011814323613
0.014111422872
0.0152191876408
0.0127752186118
0.012907184548
0.0111722668363
0.0531780191695
0.0130923951751
0.00999404288697
0.0104262371727
0.0104082435699
0.0120867858068
0.0104615091393
0.0138148137922
0.0107200755856
0.0129970547835
0.0106457107949
0.0126579587952
0.013337228811
0.0482464879215
0.010599060147
0.014095713683
0.0140854830647
0.0504504739395
0.0135233334617
0.0144426892429
0.0108045830157
0.0462285567224
0.0539559134865
0.0153024229932
0.0558373483056
0.0134769815709
0.0507395882551
0.0150507409465
0.0137590700616
0.0116914619998
0.0122580589142
0.0491581126869
0.0526650850866
0.0485678243344
0.0103350391192
0.0114935584038
0.0102445496124
0.0154476998734
0.0165399854219
0.0115768898834
0.00972018949089
0.0118151871684
0.0130529507835
0.00873339382574
0.012032265674
0.00975632402001
0.0131907232748
0.00888766867669
0.00897670470032
0.0110359083986
0.0108960610365
0.0149258666253
0.013055157057
0.010799312929
0.0103153421869
0.00946334933919
0.0126833732309
0.0127408204962
0.0167059050816
0.0128582796493
0.0147054403005
0.0110225830792
0.0129408520269
0.0106622347864
0.012204832032
0.0173680977084
0.014235564787
0.0125480734626
0.0118268351736
0.0106341728376
0.0139673784473
0.0166313523341
0.0105399286136
0.00893125810374
0.0151624926353
0.0112635702236
0.0127499116309
0.0106737814266
0.013884402536
0.0110206615364
0.0090122177135
0.0118220552088
0.0131575177146
0.0110834781014
0.0148314622168
0.00982554553442
0.0114162054902
0.01301882309
0.0125405523307
0.0130155872597
0.0135531170109
0.0112641230691
0.00926503359717
0.0117170012489
0.0142515438284
0.0120493896989
0.0103747398366
0.00928580101978
0.0136053929728
0.00884809901799
0.0116008253404
0.0122949796116
0.0174164984919
0.0132581931561
0.0112286384977
0.013809417399
0.0102114485781
0.0170185107401
0.00941161076095
0.00834455691893
0.0117156260665
0.0110197311797
0.0106377759353
0.00918083757865
0.0118382382325
0.0132909619525
0.0185676421396
0.00998692886288
0.0105949326691
0.0116242074481
0.0116770209671
0.0155261755985
0.0136108651878
0.0109312486488
0.0151370960573
0.0128628882406
0.0135273455542
0.0118153626027
0.0134432368315
0.0128093590256
0.013007210151
0.00932841555083
0.00710840747449
0.0121623280226
0.0106456472004
0.010201766837
0.0124530097764
0.0139187057203
0.014665072903
0.011552662583
0.0110297469118
0.011946936064
0.0184770173826
0.0124398057427
0.0144722924144
0.0125994262182
0.0115057878904
0.0136062999838
0.0114240505103
0.00982643247437
0.0104701773208
0.0646352257951
0.011888374366
0.0148497728376
0.0163295187717
0.0120081346038
0.0127427921639
0.00929676789242
0.0083093254654
0.00944341373216
0.0398321388435
0.010481889498
0.0129246074359
0.0132002920532
0.011730759495
0.0142038271009
0.0125329599625
0.0101008539655
0.00779772953173
0.0116772772088
0.0105227660081
0.0138375860252
0.0122117859753
0.00951223833928
0.0136255332656
0.0138882352748
0.0132177300691
0.0124640902823
0.0149861558779
0.012076000792
0.0106068198147
0.0140790438618
0.0112859897797
0.00963327414399
0.0144605044158
0.059214164705
0.0136071297034
0.0104987773254
0.0088628431879
0.00977609632249
0.0103492466642
0.0152993506298
0.00886519363084
0.00964324345758
0.0150752439541
0.0108184374976
0.0130615319238
0.0105464319644
0.0102927637556
0.0145731235956
0.01131898989
0.0157344082433
0.0129424720953
0.00881095058341
0.0145555450367
0.0178066510165
0.00922427043161
0.0142953016905
0.0105839765902
0.0144017444636
0.0144298331844
0.0132376316214
0.0154377723284
0.0119175740246
0.010951681657
0.00714943470368
0.0113235158119
0.00976738044769
0.0137065908932
0.0114326593317
0.0118270247174
0.0111954170787
0.0149984105571
0.0112509292408
0.0130166801111
0.0132321376321
0.0108220849267
0.0110899077686
0.00992470166045
0.0108600176356
0.0116560396726
0.0158158633802
0.00893035501198
0.0159208606687
0.00893584522372
0.0132866737942
0.0204796573773
0.010130567038
0.0124819786334
0.065768549198
0.0151930233216
0.0142180550038
0.0564924768396
0.0121611513506
0.0157667221945
0.0114443495131
0.0143831205129
0.0195280220817
0.0118867476191
0.011880560724
0.013564128011
0.0117845576282
0.012372526027
0.0137602061388
0.0121526823587
0.0102682053304
0.0112431076825
0.0126457577252
0.0143023241905
0.0154263995535
0.0125908513457
0.0117991404331
0.0156873074392
0.0153192451215
0.0153106982692
0.0118817883606
0.0115595554038
0.0113466175832
0.0539027253143
0.0120411913632
0.0131215967254
0.0570050119561
0.0138261221093
0.0138792173433
0.0143769878828
0.0101769142054
0.0540354969051
0.0126704370461
0.0153248505222
0.0152597788641
0.0549649550718
0.0137766551569
0.0130009240661
0.0139828221558
0.0128522544537
0.0106617764334
