[[1, 0.99046], [3, 1.033324], [4, 0.611648], [8, 1.024057], [12, 0.563294], [16, 0.504727], [18, 0.541664], [21, 0.557478], [22, 0.531744], [24, 0.515874], [28, 0.484384], [29, 0.534689], [31, 0.523108], [237, 0.458556]]
[[1, 1.959158], [4, 0.580397], [9, 0.518872], [10, 0.528967], [12, 0.609859], [17, 0.521158], [23, 0.698533], [44, 0.505488], [172, 0.547092]]
[[1, 1.170609], [2, 0.576942], [6, 0.548234], [8, 0.712652], [9, 0.669683], [11, 0.658748], [12, 0.515202], [13, 0.804363], [17, 0.510493], [24, 0.480428], [30, 0.484716], [32, 0.5093]]
[[1, 1.351026], [2, 0.629593], [4, 0.832673], [5, 0.664891], [7, 0.498836], [10, 0.627067], [11, 0.552201], [21, 0.566479], [28, 0.515588], [32, 0.491289], [45, 0.493611], [55, 0.479272]]
[[1, 1.108217], [3, 0.614374], [4, 0.555407], [7, 0.560179], [8, 0.639785], [9, 0.638495], [12, 0.506519], [15, 0.630915], [16, 0.529262], [21, 0.537716], [22, 0.535123], [31, 0.471547], [49, 0.511727]]
[[1, 1.091804], [2, 0.604921], [7, 0.568391], [9, 0.567593], [10, 0.606861], [11, 0.684176], [12, 0.705225], [16, 0.483774], [19, 0.520454], [21, 0.585759], [27, 0.506535], [30, 0.503805]]
[[1, 1.470867], [4, 0.513583], [6, 0.51494], [7, 0.872926], [8, 0.650194], [13, 0.616319], [16, 0.786668], [18, 0.508406], [20, 0.56734], [22, 0.94134], [26, 0.484766], [44, 0.489645]]
[[1, 1.09685], [4, 0.620728], [8, 0.589001], [10, 0.57342], [13, 0.534321], [17, 0.544097], [20, 0.508508], [21, 0.588479], [23, 0.743824], [26, 0.542244], [28, 0.528438], [31, 0.519319], [32, 0.470308]]
[[1, 1.127664], [5, 0.590184], [8, 0.599767], [9, 0.618229], [11, 0.545872], [12, 0.531656], [13, 0.614391], [16, 0.512832], [20, 0.501747], [22, 0.546392], [29, 0.513221], [31, 0.457579]]
[[1, 1.039078], [6, 0.631923], [7, 0.615555], [8, 0.577791], [10, 0.905922], [11, 0.555115], [13, 0.464899], [15, 0.503083], [17, 0.590394], [19, 0.521155], [21, 0.493209], [23, 0.480916], [26, 0.558682], [454, 0.517081]]
[[1, 0.893805], [2, 0.637083], [5, 0.775833], [6, 0.866573], [8, 0.608486], [11, 0.557202], [13, 0.579054], [14, 0.56908], [22, 0.614835], [24, 0.46673], [30, 0.500761], [32, 0.474939], [45, 0.501984], [239, 0.465251], [457, 0.463848]]
[[1, 1.077131], [2, 0.646884], [3, 0.676918], [5, 0.591592], [9, 0.662892], [10, 0.608215], [12, 0.628831], [13, 0.574216], [29, 0.488795], [30, 0.458833], [31, 0.493397], [39, 0.472602], [366, 0.511932], [491, 0.449125]]
[[1, 1.075776], [2, 0.579244], [3, 0.595286], [4, 0.589321], [8, 0.675744], [9, 0.597461], [10, 0.769042], [14, 0.534641], [18, 0.531814], [21, 0.492658], [25, 0.892067], [29, 0.495983], [196, 0.474581]]
[[1, 1.183173], [2, 0.680487], [3, 0.689142], [6, 0.626871], [7, 0.548938], [10, 0.585836], [14, 0.518759], [17, 0.563742], [18, 0.839879], [23, 0.540278], [28, 0.506293], [29, 0.484728], [247, 0.445076]]
[[1, 1.125283], [2, 0.721874], [3, 0.591318], [7, 0.562014], [8, 0.674994], [10, 0.847675], [11, 0.562649], [12, 0.506535], [17, 0.557355], [28, 0.494502], [29, 0.454567], [30, 0.467089], [486, 0.465985]]
[[1, 1.340463], [3, 0.610706], [7, 0.574799], [8, 0.610098], [10, 0.616603], [13, 1.199926], [17, 0.517439], [18, 0.513006], [24, 0.483147], [27, 0.487332], [30, 0.504103], [31, 0.471792], [35, 0.513079]]
[[1, 1.376277], [2, 0.617012], [3, 0.60662], [8, 0.589342], [10, 0.595023], [12, 0.505807], [18, 0.581529], [24, 0.501077], [25, 0.487093], [30, 0.497552], [31, 0.47364], [48, 0.478179]]
[[1, 1.136004], [2, 0.653144], [4, 0.58669], [6, 0.518039], [7, 0.534404], [8, 0.608266], [9, 0.625595], [11, 0.511903], [16, 0.544477], [20, 0.498257], [21, 0.542372], [23, 0.483827], [32, 0.526148]]
[[1, 1.053822], [5, 0.593868], [12, 0.523088], [14, 0.524283], [17, 0.584107], [18, 0.549848], [23, 0.494928], [27, 0.515761], [30, 0.487915], [31, 0.488516], [45, 0.487086], [241, 0.436386]]
[[1, 1.369072], [3, 0.5832], [4, 0.567604], [5, 0.561616], [9, 0.859694], [12, 0.497214], [13, 0.554629], [16, 0.557874], [17, 0.607393], [29, 0.614255], [30, 0.484073], [50, 0.473919]]
[[1, 1.331547], [3, 0.653442], [7, 0.546358], [8, 0.573884], [14, 0.53817], [16, 0.51765], [22, 0.556178], [24, 0.505552], [25, 0.510949], [27, 0.715791], [29, 0.556006]]
[[1, 1.105493], [2, 0.60654], [7, 0.558745], [9, 0.693542], [13, 0.590904], [14, 0.793229], [17, 0.569998], [18, 0.520604], [24, 0.464814], [28, 0.56881], [29, 0.502693], [30, 0.468472], [32, 0.521617], [248, 0.424122]]
[[1, 0.878795], [2, 0.947679], [3, 0.907911], [4, 0.58692], [8, 0.692589], [9, 0.606705], [11, 0.510641], [13, 0.592456], [14, 0.537031], [16, 0.556052], [22, 0.537473], [29, 0.504341], [31, 0.481916], [205, 0.478282]]
[[1, 1.058172], [5, 0.600634], [6, 0.582976], [8, 0.516893], [10, 0.583307], [11, 0.522231], [14, 0.565315], [15, 0.527533], [17, 0.531284], [19, 0.497732], [23, 0.540611], [30, 0.431524], [32, 0.460168], [400, 0.475862]]
[[1, 1.286388], [4, 0.598135], [5, 0.628989], [11, 0.644569], [13, 0.598248], [20, 0.537202], [24, 0.505638], [25, 0.491546], [27, 0.565082], [29, 0.457988], [31, 0.423462], [61, 0.439892]]
[[1, 1.097549], [2, 0.516677], [3, 0.624008], [4, 0.594266], [5, 0.588055], [6, 0.583618], [9, 0.64226], [16, 0.527497], [22, 0.810327], [29, 0.494143], [31, 0.522657], [32, 0.51841], [44, 0.507659]]
[[1, 1.207217], [2, 0.430097], [9, 0.613439], [13, 0.580966], [14, 0.581812], [17, 0.436223], [19, 0.505643], [21, 0.484741], [23, 0.637789], [29, 0.487789], [30, 0.47375], [32, 0.501384], [39, 0.495067]]
[[1, 1.141807], [3, 0.577486], [7, 0.722254], [9, 0.621567], [11, 0.519222], [13, 0.919695], [15, 0.489154], [23, 0.50656], [32, 0.519577], [37, 0.528419]]
[[1, 1.006363], [2, 0.622174], [3, 0.457803], [4, 0.576946], [7, 0.573152], [10, 0.588291], [14, 0.823743], [15, 0.590192], [21, 0.526716], [22, 0.579619], [29, 0.464843], [32, 0.470002], [39, 0.548875]]
[[1, 0.868554], [3, 0.625836], [4, 0.577821], [5, 0.624472], [6, 0.554892], [10, 0.575573], [13, 0.798517], [15, 0.620135], [18, 0.525883], [20, 0.774559], [22, 0.571451], [25, 0.504568]]
