1.1672808
0.49441
0.498340666667
0.4317126
0.406404133333
0.369113933333
0.421038166667
0.4843883
0.456450966667
0.437354233333
0.378304533333
0.3543735
0.450324566667
0.361543866667
0.308953833333
0.347437166667
0.353550833333
0.327270433333
0.267881233333
0.290620566667
0.337362466667
0.375401766667
0.342801166667
0.291595033333
0.2726714
0.239789233333
0.263153933333
0.272530466667
0.350762
0.3154478
0.312226
0.3122996
0.216944633333
0.2235669
0.233227966667
0.208805433333
0.207945866667
0.201839633333
0.2344801
0.2034769
0.1971904
0.194731733333
0.202908833333
0.231373533333
0.235988
0.1897086
0.1916463
0.2011861
0.198182266667
0.202168766667
0.202126966667
0.2108768
0.21045
0.193581033333
0.197344
0.183933833333
0.1825491
0.1789086
0.179653566667
0.193055766667
0.2004289
0.179646633333
0.183259966667
0.187973933333
0.177878166667
0.181062733333
0.178617566667
0.188012233333
0.191339733333
0.1896642
0.1854306
0.178108733333
0.175097
0.179165266667
0.174879333333
0.175141233333
0.171213
0.180321133333
0.179101333333
0.173621566667
0.174255966667
0.175392266667
0.175318533333
0.177518933333
0.174377533333
0.175577166667
0.174020233333
0.171249833333
0.175051
0.1728608
0.1781798
0.180755
0.185412066667
0.184675633333
0.181517066667
0.178940966667
0.177871266667
0.1751438
0.1747396
0.173585433333
0.1732548
0.170193533333
0.170024433333
0.1735333
0.174745033333
0.1709025
0.171621233333
0.172191266667
0.1707756
0.169350433333
0.1710303
0.1720917
0.175723533333
0.173123233333
0.180440766667
0.1756081
0.175721566667
0.171690066667
0.169764366667
0.169420733333
0.168628366667
0.1714756
0.1669121
0.170730733333
0.1676987
0.171943466667
0.1705234
0.1673093
0.167406033333
0.1711591
0.169645933333
0.170931433333
0.169263366667
0.1680916
0.1689963
0.164189566667
0.167458066667
0.170934466667
0.167712333333
0.1701929
0.1709169
0.174656333333
0.172311033333
0.176405933333
0.172697866667
0.173514166667
0.169034933333
0.167577533333
0.1677485
0.1689894
0.169449133333
0.167048033333
0.168136866667
0.167371633333
0.1646288
0.165213433333
0.1674903
0.163202933333
0.168986066667
0.165021933333
0.1663138
0.168472366667
0.1651808
0.164701
0.168878066667
0.1635148
0.162004966667
0.163525766667
0.165146566667
0.1708301
0.167265366667
0.182882966667
0.164333833333
0.168638633333
0.163862833333
0.161641766667
0.1609391
0.165925766667
0.165578533333
0.165261466667
0.164939466667
0.168768266667
0.1664398
0.1627347
0.1651263
0.162854133333
0.162055933333
0.165231033333
0.167806033333
0.166050166667
0.170513766667
0.1643508
0.165743066667
0.162632733333
0.162000033333
0.171287366667
0.160499566667
0.160969233333
0.163887366667
0.1674005
0.161989033333
0.162187166667
0.1651578
0.163470766667
0.171869933333
0.164580566667
0.163727733333
0.171885733333
0.164398633333
0.167181166667
0.169057233333
0.164874766667
0.160718333333
0.159296266667
0.175027933333
0.166462333333
0.1607628
0.160544533333
0.1582113
0.161029833333
0.162489833333
0.166317433333
0.1656832
0.163182566667
0.163797066667
0.161259266667
0.1660061
0.1698371
0.159306
0.164229633333
0.164431966667
0.169122866667
0.1665375
0.165119366667
0.1611863
0.169364966667
0.174280033333
0.165212066667
0.172227266667
0.161488733333
0.174980366667
0.1630146
0.1663502
0.1631282
0.1609557
0.168439166667
0.168017566667
0.1702486
0.158728266667
0.157023466667
0.1574032
0.162266766667
0.1627879
0.1607496
0.158845833333
0.1619661
0.1623541
0.162411133333
0.162803866667
0.1591375
0.163042766667
0.1596874
0.1572817
0.1569365
0.160937566667
0.165560466667
0.161388533333
0.158197833333
0.158685633333
0.156021533333
0.159431866667
0.157322866667
0.161987266667
0.160553833333
0.161256633333
0.159189166667
0.159472133333
0.1593464
0.158385733333
0.1682597
0.163971833333
0.1628811
0.1598469
0.161221833333
0.1597319
0.161793933333
0.157145566667
0.158887866667
0.161275866667
0.158707133333
0.162251066667
0.1611933
0.163525466667
0.158564366667
0.158657466667
0.1583802
0.1618043
0.1596751
0.163549666667
0.157033133333
0.158591733333
0.1585475
0.1591552
0.159902866667
0.159333766667
0.161344466667
0.1570199
0.157717
0.1568302
0.156308866667
0.1562023
0.153626566667
0.1577437
0.154152366667
0.156766566667
0.160487866667
0.1592365
0.160033366667
0.159736433333
0.161359966667
0.156503066667
0.1641837
0.156913866667
0.1587804
0.159598266667
0.163695166667
0.159704133333
0.157157566667
0.1553315
0.1581781
0.1617699
0.159462766667
0.158900933333
0.158912733333
0.159274
0.159953133333
0.1554718
0.154086666667
0.159502866667
0.1613551
0.1586737
0.159543633333
0.1557936
0.158114233333
0.156362766667
0.157772333333
0.1517399
0.154700266667
0.156026533333
0.156151266667
0.1561579
0.157658933333
0.155754466667
0.157952333333
0.155746833333
0.1578435
0.1615959
0.162101866667
0.160124733333
0.1594058
0.160300766667
0.163086866667
0.157378266667
0.1569924
0.153822733333
0.171104433333
0.160418
0.158914733333
0.156127866667
0.156410733333
0.157941
0.155081233333
0.1554631
0.1559045
0.1628405
0.158325866667
0.1560266
0.157101333333
0.156603933333
0.156541433333
0.156285333333
0.154959366667
0.1506965
0.1563833
0.156693933333
0.159070833333
0.1579026
0.1559959
0.1592486
0.158957133333
0.161512233333
0.160496033333
0.164418266667
0.159364066667
0.158717466667
0.160830066667
0.1605414
0.156518
0.1589678
0.166328133333
0.159147366667
0.155233733333
0.1555084
0.1556306
0.154897866667
0.1539298
0.154396566667
0.153006133333
0.1576557
0.154644666667
0.155524733333
0.152094766667
0.154202733333
0.154609
0.155309933333
0.154770366667
0.157218833333
0.1543195
0.1596015
0.162186666667
0.154224733333
0.1583369
0.155755266667
0.159044266667
0.160431266667
0.1579947
0.159269933333
0.158596366667
0.155600466667
0.156097866667
0.1557613
0.1534747
0.153544566667
0.157272733333
0.158901
0.154604366667
0.1552184
0.153740466667
0.152793533333
0.154669866667
0.1549488
0.1528715
0.158323866667
0.156095233333
0.1535915
0.156250933333
0.1539866
0.158553033333
0.154507266667
0.156049566667
0.1580552
0.157490233333
0.157176166667
0.165485833333
0.1571005
0.1555749
0.1686997
0.1587996
0.1580842
0.160413566667
0.1558119
0.160900333333
0.1550402
0.156066866667
0.159664366667
0.1572182
0.158223333333
0.160209866667
0.159323433333
0.1521474
0.1564742
0.153784766667
0.157700133333
0.1579515
0.1543823
0.1531982
0.1564902
0.1583958
0.1557091
0.159454566667
0.152528
0.156733233333
0.1671576
0.157350766667
0.1595779
0.164286466667
0.155732533333
0.158659733333
0.156253533333
0.1559357
0.166178133333
0.156603833333
0.157611933333
0.156902466667
0.165522133333
0.154284433333
0.1568954
0.1549414
0.1585497
0.153144866667
