first at GeneralizedLinearAlgorithm.scala:246	count at DataValidators.scala:40	count at GradientDescent.scala:209	treeAggregate at GradientDescent.scala:239
[9.045445, 15.080301, 0.266849, 91.38127]
[8.742208, 15.982875, 0.361312, 90.54307900000006]
[8.506375, 15.304793, 0.430694, 88.16308400000004]
[8.521208, 15.151621, 0.338754, 89.955366]
[8.637724, 14.875622, 0.349232, 89.34893999999997]
[8.621691, 14.543401, 0.445833, 91.55370300000006]
[8.565571, 14.24263, 0.354436, 88.9529190000001]
[8.619736, 15.404847, 0.270644, 90.08488800000015]
[8.554131, 15.739972, 0.475771, 88.43053399999992]
[8.552524, 15.168985, 0.423937, 90.12698000000003]
[8.377742, 15.340829, 0.285483, 89.86634000000011]
[8.517081, 16.361039, 0.261849, 89.9543]
[8.658081, 15.089049, 0.200012, 90.95681100000007]
[8.56524, 14.933412, 0.233496, 89.97014899999988]
[8.642741, 14.763618, 0.348727, 89.51950500000007]
[8.81936, 14.323528, 0.236802, 90.5385350000001]
[8.777642, 16.226091, 0.510059, 89.55718199999995]
[8.595269, 14.975122, 0.282785, 89.25061499999994]
[8.456357, 14.803406, 0.303833, 88.40726799999997]
[8.518436, 15.805416, 0.341729, 89.768557]
[8.469475, 14.460244, 0.214168, 88.76461600000002]
[8.449096, 15.009961, 0.429695, 90.70866700000002]
[8.336058, 15.762036, 0.296342, 90.85693599999999]
[8.540302, 15.477784, 0.466478, 89.057583]
[8.937051, 13.92546, 0.53355, 89.31416200000001]
[8.45085, 16.005298, 0.358098, 90.86016000000008]
[8.433605, 15.107134, 0.348063, 89.01323299999996]
[8.524886, 14.843952, 0.238205, 89.32201899999994]
[8.489451, 15.766916, 0.387914, 89.76489199999992]
[8.479083, 13.826719, 0.411182, 90.33243700000003]
