[0.18276254, 0.08859804119760432, [(2, 1.033324), (7, 1.024057), (0, 0.99046), (3, 0.611648), (11, 0.563294), (20, 0.557478), (17, 0.541664), (28, 0.534689), (21, 0.531744), (30, 0.523108)]]
[0.18108615800000014, 0.10143276463530425, [(0, 1.959158), (22, 0.698533), (11, 0.609859), (3, 0.580397), (171, 0.547092), (9, 0.528967), (16, 0.521158), (8, 0.518872), (43, 0.505488), (27, 0.472548)]]
[0.1763261680000001, 0.08168330184648373, [(0, 1.170609), (12, 0.804363), (7, 0.712652), (8, 0.669683), (10, 0.658748), (1, 0.576942), (5, 0.548234), (11, 0.515202), (16, 0.510493), (31, 0.5093)]]
[0.179910732, 0.08574314478270657, [(0, 1.351026), (3, 0.832673), (4, 0.664891), (1, 0.629593), (9, 0.627067), (20, 0.566479), (10, 0.552201), (27, 0.515588), (6, 0.498836), (44, 0.493611)]]
[0.17869787999999995, 0.07698427712545977, [(0, 1.108217), (7, 0.639785), (8, 0.638495), (14, 0.630915), (2, 0.614374), (6, 0.560179), (3, 0.555407), (20, 0.537716), (21, 0.535123), (15, 0.529262)]]
[0.1831074060000001, 0.07631267458445658, [(0, 1.091804), (11, 0.705225), (10, 0.684176), (9, 0.606861), (1, 0.604921), (20, 0.585759), (6, 0.568391), (8, 0.567593), (18, 0.520454), (26, 0.506535)]]
[0.17790583800000018, 0.0965566873097237, [(0, 1.470867), (21, 0.94134), (6, 0.872926), (15, 0.786668), (7, 0.650194), (12, 0.616319), (19, 0.56734), (5, 0.51494), (3, 0.513583), (17, 0.508406)]]
[0.1801697760000003, 0.07803484096879944, [(0, 1.09685), (22, 0.743824), (3, 0.620728), (7, 0.589001), (20, 0.588479), (9, 0.57342), (16, 0.544097), (25, 0.542244), (12, 0.534321), (27, 0.528438)]]
[0.17686106799999984, 0.07454826314722146, [(0, 1.127664), (8, 0.618229), (12, 0.614391), (7, 0.599767), (4, 0.590184), (21, 0.546392), (10, 0.545872), (11, 0.531656), (28, 0.513221), (15, 0.512832)]]
[0.18025396000000007, 0.08102563772235556, [(0, 1.039078), (9, 0.905922), (5, 0.631923), (6, 0.615555), (16, 0.590394), (7, 0.577791), (25, 0.558682), (10, 0.555115), (18, 0.521155), (453, 0.517081)]]
[0.17973268000000023, 0.0808979579290701, [(0, 0.893805), (5, 0.866573), (4, 0.775833), (1, 0.637083), (21, 0.614835), (7, 0.608486), (12, 0.579054), (13, 0.56908), (10, 0.557202), (44, 0.501984)]]
[0.1799086, 0.07874059286952317, [(0, 1.077131), (2, 0.676918), (8, 0.662892), (1, 0.646884), (11, 0.628831), (9, 0.608215), (4, 0.591592), (12, 0.574216), (365, 0.511932), (30, 0.493397)]]
[0.18191362200000014, 0.08359385596553807, [(0, 1.075776), (24, 0.892067), (9, 0.769042), (7, 0.675744), (8, 0.597461), (2, 0.595286), (3, 0.589321), (1, 0.579244), (13, 0.534641), (17, 0.531814)]]
[0.17994029799999975, 0.08319006100467284, [(0, 1.183173), (17, 0.839879), (2, 0.689142), (1, 0.680487), (5, 0.626871), (9, 0.585836), (16, 0.563742), (6, 0.548938), (22, 0.540278), (13, 0.518759)]]
[0.17903901000000014, 0.08283181211806188, [(0, 1.125283), (9, 0.847675), (1, 0.721874), (7, 0.674994), (2, 0.591318), (10, 0.562649), (6, 0.562014), (16, 0.557355), (11, 0.506535), (27, 0.494502)]]
[0.1810770700000002, 0.09304525650955615, [(0, 1.340463), (12, 1.199926), (9, 0.616603), (2, 0.610706), (7, 0.610098), (6, 0.574799), (16, 0.517439), (34, 0.513079), (17, 0.513006), (29, 0.504103)]]
[0.17911436399999991, 0.08125178087069536, [(0, 1.376277), (1, 0.617012), (2, 0.60662), (9, 0.595023), (7, 0.589342), (17, 0.581529), (11, 0.505807), (23, 0.501077), (29, 0.497552), (24, 0.487093)]]
[0.17850122999999987, 0.07742277697942056, [(0, 1.136004), (1, 0.653144), (8, 0.625595), (7, 0.608266), (3, 0.58669), (15, 0.544477), (20, 0.542372), (6, 0.534404), (31, 0.526148), (5, 0.518039)]]
[0.17681453599999994, 0.07008519832587122, [(0, 1.053822), (4, 0.593868), (16, 0.584107), (17, 0.549848), (13, 0.524283), (11, 0.523088), (26, 0.515761), (22, 0.494928), (30, 0.488516), (29, 0.487915)]]
[0.179537114, 0.08575363590144156, [(0, 1.369072), (8, 0.859694), (28, 0.614255), (16, 0.607393), (2, 0.5832), (3, 0.567604), (4, 0.561616), (15, 0.557874), (12, 0.554629), (11, 0.497214)]]
[0.17752923200000004, 0.08076232669064322, [(0, 1.331547), (26, 0.715791), (2, 0.653442), (7, 0.573884), (21, 0.556178), (28, 0.556006), (6, 0.546358), (13, 0.53817), (15, 0.51765), (24, 0.510949)]]
[0.18141733400000004, 0.08019241356618743, [(0, 1.105493), (13, 0.793229), (8, 0.693542), (1, 0.60654), (12, 0.590904), (16, 0.569998), (27, 0.56881), (6, 0.558745), (31, 0.521617), (17, 0.520604)]]
[0.18171387199999997, 0.08353988458390167, [(1, 0.947679), (2, 0.907911), (0, 0.878795), (7, 0.692589), (8, 0.606705), (12, 0.592456), (3, 0.58692), (15, 0.556052), (21, 0.537473), (13, 0.537031)]]
[0.178115166, 0.07420720859974755, [(0, 1.058172), (4, 0.600634), (9, 0.583307), (5, 0.582976), (13, 0.565315), (22, 0.540611), (16, 0.531284), (14, 0.527533), (10, 0.522231), (7, 0.516893)]]
[0.17862832400000003, 0.07898798396937996, [(0, 1.286388), (10, 0.644569), (4, 0.628989), (12, 0.598248), (3, 0.598135), (26, 0.565082), (19, 0.537202), (23, 0.505638), (24, 0.491546), (28, 0.457988)]]
[0.18172032000000016, 0.07977387334210115, [(0, 1.097549), (21, 0.810327), (8, 0.64226), (2, 0.624008), (3, 0.594266), (4, 0.588055), (5, 0.583618), (15, 0.527497), (30, 0.522657), (31, 0.51841)]]
[0.1780264659999999, 0.07572262659322401, [(0, 1.207217), (22, 0.637789), (8, 0.613439), (13, 0.581812), (12, 0.580966), (18, 0.505643), (31, 0.501384), (38, 0.495067), (28, 0.487789), (20, 0.484741)]]
[0.1786440379999999, 0.0787183462579884, [(0, 1.141807), (12, 0.919695), (6, 0.722254), (8, 0.621567), (2, 0.577486), (36, 0.528419), (31, 0.519577), (10, 0.519222), (22, 0.50656), (14, 0.489154)]]
[0.17952978399999983, 0.0767464009401701, [(0, 1.006363), (13, 0.823743), (1, 0.622174), (14, 0.590192), (9, 0.588291), (21, 0.579619), (3, 0.576946), (6, 0.573152), (38, 0.548875), (20, 0.526716)]]
[0.18066487400000006, 0.07669987907259125, [(0, 0.868554), (12, 0.798517), (19, 0.774559), (2, 0.625836), (4, 0.624472), (14, 0.620135), (3, 0.577821), (9, 0.575573), (21, 0.571451), (5, 0.554892)]]
