s3://url-combined-data/url_combined
[[25, 2, 1], 61.867897935]
[[25, 2, 1], 60.875691409]
[[25, 2, 1], 58.745600162]
[[25, 2, 1], 56.723315728]
[[25, 2, 1], 54.87458483]
[[25, 2, 1], 40.405680762]
[[25, 2, 1], 58.761107072]
[[25, 2, 1], 64.456153514]
[[25, 2, 1], 61.159440253]
[[25, 2, 1], 63.755150063]
[[25, 2, 1], 58.048815302]
[[25, 2, 1], 65.778465901]
[[25, 2, 1], 67.925329107]
[[25, 2, 1], 56.452674815]
[[25, 2, 1], 61.093102516]
[[25, 2, 1], 65.327141805]
[[25, 2, 1], 62.058624293]
[[25, 2, 1], 61.35671724]
[[25, 2, 1], 67.050055821]
[[25, 2, 1], 43.504754517]
[[25, 2, 1], 59.800017466]
[[25, 2, 1], 60.181842187]
[[25, 2, 1], 59.594715264]
[[25, 2, 1], 42.700489844]
[[25, 2, 1], 60.362882625]
[[25, 2, 1], 64.085803568]
[[25, 2, 1], 42.878418865]
[[25, 2, 1], 60.51678326]
[[25, 2, 1], 60.550568901]
[[25, 2, 1], 58.639486461]
