[1.029533, 0.4416, 0.492271, 0.370154, 0.384474]
[0.883603, 0.456475, 0.505857, 0.353401, 0.391085]
[0.965277, 0.467542, 0.476262, 0.366919, 0.384915]
[0.969439, 0.489773, 0.529045, 0.375952, 0.413251]
[0.931603, 0.414103, 0.446979, 0.405406, 0.388016]
[0.884087, 0.435306, 0.488865, 0.336988, 0.364691]
[0.857735, 0.43191, 0.484599, 0.355452, 0.384934]
[0.894684, 0.461993, 0.477607, 0.385095, 0.398016]
[0.976622, 0.417896, 0.426533, 0.384156, 0.396556]
[0.886847, 0.472067, 0.518604, 0.360108, 0.418297]
[0.884674, 0.446795, 0.470979, 0.354254, 0.381048]
[0.964827, 0.449678, 0.482698, 0.381095, 0.398766]
[0.927057, 0.429668, 0.484202, 0.355177, 0.395803]
[0.943574, 0.457937, 0.533113, 0.354781, 0.418368]
[0.913478, 0.451161, 0.47275, 0.349069, 0.388084]
[0.901058, 0.474164, 0.51265, 0.348397, 0.383616]
[0.918026, 0.41833, 0.474513, 0.343247, 0.367163]
[0.91612, 0.399484, 0.445525, 0.399658, 0.396573]
[0.903339, 0.423737, 0.492335, 0.351767, 0.376901]
[0.947842, 0.376477, 0.429945, 0.376255, 0.38145]
[0.898812, 0.380564, 0.441718, 0.384308, 0.375706]
[0.984867, 0.432513, 0.47097, 0.350099, 0.382142]
[0.937374, 0.44545, 0.494652, 0.371812, 0.388581]
[0.891478, 0.435857, 0.520229, 0.37096, 0.396032]
[0.922971, 0.45999, 0.501631, 0.380446, 0.409276]
[0.922482, 0.486432, 0.580326, 0.373056, 0.372805]
[0.87577, 0.406624, 0.432202, 0.400603, 0.382065]
[0.869565, 0.431748, 0.487426, 0.369629, 0.391061]
[0.885622, 0.406002, 0.472619, 0.369918, 0.376997]
[0.912075, 0.408367, 0.473479, 0.362066, 0.388288]
