first at GeneralizedLinearAlgorithm.scala:246	count at DataValidators.scala:40	count at GradientDescent.scala:209	treeAggregate at GradientDescent.scala:239
[8.36337, 59.711773, 0.420573, 2.718032]
[8.340829, 54.459593, 0.356467, 2.590421]
[11.419139, 53.685848, 0.20404, 2.6609149999999997]
[11.639578, 55.546616, 0.221119, 2.7774599999999996]
[11.45461, 55.273071, 0.403721, 2.5861069999999997]
[11.401087, 54.344916, 0.338482, 2.509937]
[11.311186, 58.276885, 0.454089, 2.51463]
[11.387855, 55.179353, 0.366583, 2.617395]
[11.258508, 54.375, 0.18744, 2.601763]
[11.388376, 57.361708, 0.348372, 2.6559229999999996]
[11.384935, 56.987271, 0.214295, 2.53775]
[11.522012, 52.786839, 0.206127, 2.6770640000000006]
[11.444973, 56.026192, 0.413307, 2.591907]
[11.493909, 50.992981, 0.416891, 2.707773]
[11.466844, 59.017806, 0.221481, 2.574542]
[11.336113, 58.705898, 0.386535, 2.619885]
[11.412369, 59.922551, 0.515539, 2.521279]
[11.432842, 58.920559, 0.322782, 2.55736]
[11.438739, 56.390669, 0.347753, 2.548079]
[11.482428, 55.157982, 0.437805, 2.511969]
[11.36907, 58.791462, 0.228176, 2.4811080000000003]
[11.423293, 56.959599, 0.185569, 2.620591]
[11.576685, 56.129842, 0.186257, 2.637869]
[11.445571, 52.637285, 0.212903, 2.614556]
[11.435513, 56.007715, 0.32476, 2.674314]
[11.259445, 55.363158, 0.368268, 2.7351010000000002]
[11.514553, 55.895215, 0.224071, 2.497264]
[11.462519, 57.735243, 0.268784, 2.5494290000000004]
[11.391278, 58.389147, 0.183505, 2.511158]
[11.431127, 53.256714, 0.190073, 2.544275]
