[0.5436064, 0.24680929695503773, [(0, 1.029533), (2, 0.492271), (1, 0.4416), (4, 0.384474), (3, 0.370154)]]
[0.5180842, 0.19015706363992899, [(0, 0.883603), (2, 0.505857), (1, 0.456475), (4, 0.391085), (3, 0.353401)]]
[0.532183, 0.22085111884615846, [(0, 0.965277), (2, 0.476262), (1, 0.467542), (4, 0.384915), (3, 0.366919)]]
[0.5554919999999999, 0.21393347716521602, [(0, 0.969439), (2, 0.529045), (1, 0.489773), (4, 0.413251), (3, 0.375952)]]
[0.5172213999999999, 0.20807509637686097, [(0, 0.931603), (2, 0.446979), (1, 0.414103), (3, 0.405406), (4, 0.388016)]]
[0.5019874, 0.1983400182823426, [(0, 0.884087), (2, 0.488865), (1, 0.435306), (4, 0.364691), (3, 0.336988)]]
[0.502926, 0.18272343604803407, [(0, 0.857735), (2, 0.484599), (1, 0.43191), (4, 0.384934), (3, 0.355452)]]
[0.523479, 0.18898096011503382, [(0, 0.894684), (2, 0.477607), (1, 0.461993), (4, 0.398016), (3, 0.385095)]]
[0.5203526, 0.22862910996948746, [(0, 0.976622), (2, 0.426533), (1, 0.417896), (4, 0.396556), (3, 0.384156)]]
[0.5311845999999999, 0.18555846421071717, [(0, 0.886847), (2, 0.518604), (1, 0.472067), (4, 0.418297), (3, 0.360108)]]
[0.50755, 0.19326331212208903, [(0, 0.884674), (2, 0.470979), (1, 0.446795), (4, 0.381048), (3, 0.354254)]]
[0.5354128000000001, 0.21772101073566602, [(0, 0.964827), (2, 0.482698), (1, 0.449678), (4, 0.398766), (3, 0.381095)]]
[0.5183814, 0.20866968399132635, [(0, 0.927057), (2, 0.484202), (1, 0.429668), (4, 0.395803), (3, 0.355177)]]
[0.5415546, 0.2091612190121295, [(0, 0.943574), (2, 0.533113), (1, 0.457937), (4, 0.418368), (3, 0.354781)]]
[0.5149084, 0.20410091757226376, [(0, 0.913478), (2, 0.47275), (1, 0.451161), (4, 0.388084), (3, 0.349069)]]
[0.523977, 0.19765083515128387, [(0, 0.901058), (2, 0.51265), (1, 0.474164), (4, 0.383616), (3, 0.348397)]]
[0.5042557999999999, 0.21175076158295159, [(0, 0.918026), (2, 0.474513), (1, 0.41833), (4, 0.367163), (3, 0.343247)]]
[0.511472, 0.20314254781015229, [(0, 0.91612), (2, 0.445525), (3, 0.399658), (1, 0.399484), (4, 0.396573)]]
[0.5096158, 0.20259378784000265, [(0, 0.903339), (2, 0.492335), (1, 0.423737), (4, 0.376901), (3, 0.351767)]]
[0.5023938, 0.22363647629615344, [(0, 0.947842), (2, 0.429945), (4, 0.38145), (1, 0.376477), (3, 0.376255)]]
[0.49622160000000004, 0.20271902561486432, [(0, 0.898812), (2, 0.441718), (3, 0.384308), (1, 0.380564), (4, 0.375706)]]
[0.5241182, 0.2340707687289466, [(0, 0.984867), (2, 0.47097), (1, 0.432513), (4, 0.382142), (3, 0.350099)]]
[0.5275738, 0.20944932759634252, [(0, 0.937374), (2, 0.494652), (1, 0.44545), (4, 0.388581), (3, 0.371812)]]
[0.5229112, 0.19110971329097848, [(0, 0.891478), (2, 0.520229), (1, 0.435857), (4, 0.396032), (3, 0.37096)]]
[0.5348628, 0.19847158792875114, [(0, 0.922971), (2, 0.501631), (1, 0.45999), (4, 0.409276), (3, 0.380446)]]
[0.5470202000000001, 0.20315818878145178, [(0, 0.922482), (2, 0.580326), (1, 0.486432), (3, 0.373056), (4, 0.372805)]]
[0.4994528, 0.18884155780696155, [(0, 0.87577), (2, 0.432202), (1, 0.406624), (3, 0.400603), (4, 0.382065)]]
[0.5098858000000001, 0.18426632267389503, [(0, 0.869565), (2, 0.487426), (1, 0.431748), (4, 0.391061), (3, 0.369629)]]
[0.5022316, 0.19509783934692873, [(0, 0.885622), (2, 0.472619), (1, 0.406002), (4, 0.376997), (3, 0.369918)]]
[0.508855, 0.20494832516027056, [(0, 0.912075), (2, 0.473479), (1, 0.408367), (4, 0.388288), (3, 0.362066)]]
