s3://susy-data/susy
[[12.5, 1, 1], 30.611434928]
[[12.5, 1, 1], 29.676689427]
[[12.5, 1, 1], 29.97839648]
[[12.5, 1, 1], 30.378151443]
[[12.5, 1, 1], 28.199256221]
[[12.5, 1, 1], 35.48904006]
[[12.5, 1, 1], 36.573348257]
[[12.5, 1, 1], 35.676721799]
[[12.5, 1, 1], 36.249743806]
[[12.5, 1, 1], 35.527568811]
[[12.5, 1, 1], 34.987317617]
[[12.5, 1, 1], 35.482504747]
[[12.5, 1, 1], 35.45567373]
[[12.5, 1, 1], 32.72951433]
[[12.5, 1, 1], 36.786352835]
[[12.5, 1, 1], 35.763940564]
[[12.5, 1, 1], 36.164188475]
[[12.5, 1, 1], 36.105253718]
[[12.5, 1, 1], 35.950398436]
[[12.5, 1, 1], 35.359446769]
[[12.5, 1, 1], 36.015004806]
[[12.5, 1, 1], 32.901666741]
[[12.5, 1, 1], 35.020138442]
[[12.5, 1, 1], 35.529142876]
[[12.5, 1, 1], 36.262162616]
[[12.5, 1, 1], 35.159030769]
[[12.5, 1, 1], 35.209088571]
[[12.5, 1, 1], 36.424696502]
[[12.5, 1, 1], 36.075399559]
[[12.5, 1, 1], 31.994687292]
