s3://higgs-data/higgs
[[25, 2, 30], 506.326854284]
[[25, 2, 30], 502.419422404]
[[25, 2, 30], 505.829269397]
[[25, 2, 30], 498.984236642]
[[25, 2, 30], 508.653982246]
[[25, 2, 30], 495.983289024]
[[25, 2, 30], 501.584590171]
[[25, 2, 30], 499.557859473]
[[25, 2, 30], 499.516244907]
[[25, 2, 30], 500.470262843]
[[25, 2, 30], 497.065460871]
[[25, 2, 30], 500.473692397]
[[25, 2, 30], 500.733975954]
[[25, 2, 30], 497.826961805]
[[25, 2, 30], 516.254140191]
[[25, 2, 30], 507.03166995]
[[25, 2, 30], 500.878744863]
[[25, 2, 30], 503.597350094]
[[25, 2, 30], 513.099932088]
[[25, 2, 30], 495.444426238]
[[25, 2, 30], 489.971035463]
[[25, 2, 30], 501.461671041]
[[25, 2, 30], 499.6157891]
[[25, 2, 30], 500.150900168]
[[25, 2, 30], 499.020652781]
[[25, 2, 30], 498.238239102]
[[25, 2, 30], 495.836085317]
[[25, 2, 30], 502.39495615]
[[25, 2, 30], 503.034482233]
[[25, 2, 30], 498.103097951]
