s3://20-gb-synth-data/20_gb_synth
[[12.5, 1, 1], 127.09383405]
[[12.5, 1, 1], 123.488614588]
[[12.5, 1, 1], 123.518859807]
[[12.5, 1, 1], 123.990116408]
[[12.5, 1, 1], 126.78944859]
[[12.5, 1, 1], 121.906943299]
[[12.5, 1, 1], 123.432447746]
[[12.5, 1, 1], 136.532050825]
[[12.5, 1, 1], 123.814083891]
[[12.5, 1, 1], 123.350157502]
[[12.5, 1, 1], 126.324588282]
[[12.5, 1, 1], 135.739750752]
[[12.5, 1, 1], 140.019485616]
[[12.5, 1, 1], 123.126209963]
[[12.5, 1, 1], 126.901203906]
[[12.5, 1, 1], 120.72488029]
[[12.5, 1, 1], 123.718739411]
[[12.5, 1, 1], 136.917564757]
[[12.5, 1, 1], 127.391430532]
[[12.5, 1, 1], 127.041217964]
[[12.5, 1, 1], 126.46638475]
[[12.5, 1, 1], 141.455700556]
[[12.5, 1, 1], 123.233557212]
[[12.5, 1, 1], 129.698613783]
[[12.5, 1, 1], 138.966634744]
[[12.5, 1, 1], 126.56034045]
[[12.5, 1, 1], 127.035618223]
[[12.5, 1, 1], 139.082101779]
[[12.5, 1, 1], 127.967911427]
[[12.5, 1, 1], 140.059721522]
