[6.768318, 6.284643, 6.309005, 6.667699, 7.365717]
[6.790626, 6.009809, 6.772739, 6.631002, 7.328678]
[6.608564, 6.566731, 7.121754, 6.890762, 6.841669]
[6.488561, 6.238276, 6.299362, 6.818548, 6.792195]
[7.320244, 6.135068, 6.849079, 7.441701, 7.029067]
[6.821239, 6.18255, 6.64273, 6.899413, 7.176595]
[7.226348, 6.384008, 6.490431, 6.81886, 6.899973]
[6.616937, 6.629451, 6.928376, 6.988666, 6.643932]
[7.113276, 6.620834, 6.409695, 6.578595, 7.060064]
[6.482727, 6.418735, 6.554076, 6.859049, 6.746077]
[6.593187, 6.204733, 6.903749, 6.483848, 6.745532]
[6.679195, 6.241614, 6.946034, 6.94608, 7.022941]
[7.254276, 6.042607, 6.512383, 6.235984, 7.07895]
[6.436384, 6.058754, 6.556497, 6.608515, 6.213443]
[6.822155, 6.321551, 6.321263, 7.31755, 7.017587]
[6.829477, 6.201639, 6.532001, 7.188718, 6.705319]
[6.678151, 6.169605, 6.577631, 6.997219, 6.777336]
[6.929647, 6.045968, 6.523025, 6.720555, 6.522168]
[6.621224, 6.281952, 6.771939, 7.291047, 6.972453]
[6.877727, 7.036937, 6.548589, 6.911261, 7.067159]
[6.830464, 6.284657, 6.56794, 6.640848, 6.780308]
[6.900813, 6.470588, 6.808632, 6.844103, 6.800681]
[6.52691, 6.074248, 6.440049, 6.214181, 7.134387]
[6.572285, 6.277879, 6.544691, 6.91119, 6.366528]
[6.81364, 6.253042, 7.47768, 6.40529, 7.184482]
[7.087762, 6.448688, 6.78925, 6.529565, 6.585308]
[6.857566, 5.798149, 6.395775, 6.551031, 6.348819]
[6.813493, 6.408369, 6.921058, 6.431884, 6.660318]
[6.808109, 6.278365, 6.564773, 6.60246, 6.172822]
[6.795703, 6.212827, 6.583589, 7.16134, 6.785431]
