first at GeneralizedLinearAlgorithm.scala:246	count at DataValidators.scala:40	count at GradientDescent.scala:209	treeAggregate at GradientDescent.scala:239
[5.986885, 7.969773, 0.848493, 33.395382]
[5.599294, 8.326482, 0.501351, 33.532854]
[5.786434, 8.164544, 0.494386, 34.02948]
[5.879389, 8.096308, 0.613088, 32.636942]
[5.614729, 8.175676, 0.596367, 34.775158999999995]
[5.75234, 8.396288, 0.480346, 33.722527]
[6.019745, 8.00146, 0.65644, 33.81962]
[5.408593, 8.409396, 0.589185, 33.807362]
[5.736874, 8.179399, 0.502203, 33.782464]
[5.589036, 8.364315, 0.662288, 33.060663999999996]
[5.602113, 8.171248, 0.649813, 32.931049]
[5.5193, 8.456856, 0.629633, 33.835864]
[5.930299, 8.027893, 0.646881, 33.1242]
[5.659059, 8.441664, 0.578437, 31.873593]
[5.761766, 8.241195, 0.436247, 33.80010600000001]
[5.545675, 8.34547, 0.79276, 33.457154]
[5.610697, 8.469174, 0.578309, 33.199942]
[5.850372, 7.916432, 0.500866, 32.741363]
[5.766374, 8.023191, 0.561478, 33.938615]
[5.598926, 8.207181, 0.53952, 34.441673]
[5.669383, 8.200956, 0.59906, 33.104217]
[5.795229, 8.167585, 0.654313, 33.824817]
[5.765901, 8.040084, 0.591465, 32.389775]
[5.738962, 8.304564, 0.504661, 32.672573]
[5.806417, 8.197415, 0.492541, 34.134134]
[5.760683, 8.257573, 0.469934, 33.44057299999999]
[5.633415, 8.233552, 0.624018, 31.951340000000002]
[5.680881, 8.138439, 0.404805, 33.235122000000004]
[5.724181, 7.947863, 0.337272, 32.426529]
[5.768782, 8.020974, 0.448935, 33.53889]
