[6.6790764, 0.3929629422994489, [(4, 7.365717), (0, 6.768318), (3, 6.667699), (2, 6.309005), (1, 6.284643)]]
[6.7065708, 0.4218171464278806, [(4, 7.328678), (0, 6.790626), (2, 6.772739), (3, 6.631002), (1, 6.009809)]]
[6.805896, 0.20218211448988258, [(2, 7.121754), (3, 6.890762), (4, 6.841669), (0, 6.608564), (1, 6.566731)]]
[6.5273883999999995, 0.24165514022970835, [(3, 6.818548), (4, 6.792195), (0, 6.488561), (2, 6.299362), (1, 6.238276)]]
[6.955031799999999, 0.46027702554761507, [(3, 7.441701), (0, 7.320244), (4, 7.029067), (2, 6.849079), (1, 6.135068)]]
[6.7445053999999995, 0.32946560851451545, [(4, 7.176595), (3, 6.899413), (0, 6.821239), (2, 6.64273), (1, 6.18255)]]
[6.763924, 0.30149555166801384, [(0, 7.226348), (4, 6.899973), (3, 6.81886), (2, 6.490431), (1, 6.384008)]]
[6.7614724, 0.16224032859754686, [(3, 6.988666), (2, 6.928376), (4, 6.643932), (1, 6.629451), (0, 6.616937)]]
[6.756492799999999, 0.27920221224725267, [(0, 7.113276), (4, 7.060064), (1, 6.620834), (3, 6.578595), (2, 6.409695)]]
[6.6121327999999995, 0.1651834257307917, [(3, 6.859049), (4, 6.746077), (2, 6.554076), (0, 6.482727), (1, 6.418735)]]
[6.586209800000001, 0.23759876906533003, [(2, 6.903749), (4, 6.745532), (0, 6.593187), (3, 6.483848), (1, 6.204733)]]
[6.7671728, 0.28753039239663, [(4, 7.022941), (3, 6.94608), (2, 6.946034), (0, 6.679195), (1, 6.241614)]]
[6.624840000000001, 0.4701609090662471, [(0, 7.254276), (4, 7.07895), (2, 6.512383), (3, 6.235984), (1, 6.042607)]]
[6.3747186, 0.2084947061798931, [(3, 6.608515), (2, 6.556497), (0, 6.436384), (4, 6.213443), (1, 6.058754)]]
[6.7600212000000015, 0.3913576337870003, [(3, 7.31755), (4, 7.017587), (0, 6.822155), (1, 6.321551), (2, 6.321263)]]
[6.691430800000001, 0.32614661218317126, [(3, 7.188718), (0, 6.829477), (4, 6.705319), (2, 6.532001), (1, 6.201639)]]
[6.6399884, 0.2731605524856034, [(3, 6.997219), (4, 6.777336), (0, 6.678151), (2, 6.577631), (1, 6.169605)]]
[6.5482726, 0.29283321565464526, [(0, 6.929647), (3, 6.720555), (2, 6.523025), (4, 6.522168), (1, 6.045968)]]
[6.787723, 0.33800460883662503, [(3, 7.291047), (4, 6.972453), (2, 6.771939), (0, 6.621224), (1, 6.281952)]]
[6.8883346, 0.1844592383347607, [(4, 7.067159), (1, 7.036937), (3, 6.911261), (0, 6.877727), (2, 6.548589)]]
[6.6208434, 0.19266032487006754, [(0, 6.830464), (4, 6.780308), (3, 6.640848), (2, 6.56794), (1, 6.284657)]]
[6.764963400000001, 0.15136562344812637, [(0, 6.900813), (3, 6.844103), (2, 6.808632), (4, 6.800681), (1, 6.470588)]]
[6.477955, 0.36531972090485354, [(4, 7.134387), (0, 6.52691), (2, 6.440049), (3, 6.214181), (1, 6.074248)]]
[6.5345146, 0.21794304217625307, [(3, 6.91119), (0, 6.572285), (2, 6.544691), (4, 6.366528), (1, 6.277879)]]
[6.826826800000001, 0.46013547835323476, [(2, 7.47768), (4, 7.184482), (0, 6.81364), (3, 6.40529), (1, 6.253042)]]
[6.688114599999999, 0.2293376039428335, [(0, 7.087762), (2, 6.78925), (4, 6.585308), (3, 6.529565), (1, 6.448688)]]
[6.390268000000001, 0.34541726065267775, [(0, 6.857566), (3, 6.551031), (2, 6.395775), (4, 6.348819), (1, 5.798149)]]
[6.647024400000001, 0.2030885128101538, [(2, 6.921058), (0, 6.813493), (4, 6.660318), (3, 6.431884), (1, 6.408369)]]
[6.485305800000001, 0.23009244592154687, [(0, 6.808109), (3, 6.60246), (2, 6.564773), (1, 6.278365), (4, 6.172822)]]
[6.707778, 0.3097995100060683, [(3, 7.16134), (0, 6.795703), (4, 6.785431), (2, 6.583589), (1, 6.212827)]]
