[0.926465, 0.463679, 0.385471, 0.306634, 0.303389]
[0.803608, 0.445711, 0.381532, 0.307224, 0.316563]
[0.787535, 0.343922, 0.429296, 0.350105, 0.346655]
[0.857381, 0.408212, 0.403366, 0.318876, 0.323751]
[0.889295, 0.403005, 0.450389, 0.38006, 0.339218]
[0.771156, 0.336261, 0.375895, 0.302788, 0.4126]
[0.811783, 0.40627, 0.414722, 0.430776, 0.324626]
[0.803464, 0.422699, 0.373085, 0.333295, 0.308384]
[0.865163, 0.469043, 0.359769, 0.392865, 0.331417]
[0.800138, 0.420025, 0.422879, 0.301011, 0.319013]
[0.880757, 0.36342, 0.401691, 0.332472, 0.294381]
[0.785723, 0.45369, 0.438895, 0.313102, 0.343585]
[0.7912, 0.356812, 0.415221, 0.338528, 0.344902]
[0.827759, 0.347988, 0.321587, 0.379504, 0.344553]
[0.851653, 0.39607, 0.370555, 0.352894, 0.354365]
[0.843469, 0.456759, 0.413498, 0.311556, 0.341234]
[0.83354, 0.400848, 0.393091, 0.347971, 0.327323]
[0.815632, 0.514502, 0.41457, 0.336661, 0.33153]
[0.863845, 0.418601, 0.472483, 0.352797, 0.319476]
[0.835011, 0.399149, 0.388575, 0.307983, 0.317237]
[0.870395, 0.492359, 0.358799, 0.385908, 0.331775]
[0.833751, 0.354945, 0.474726, 0.34517, 0.300299]
[0.815975, 0.370048, 0.323155, 0.281192, 0.315804]
[0.84484, 0.435416, 0.408833, 0.308213, 0.344372]
[0.89711, 0.320426, 0.409605, 0.28958, 0.348379]
[0.851173, 0.409413, 0.44946, 0.309663, 0.335377]
[0.897218, 0.483163, 0.348488, 0.299731, 0.335521]
[0.847015, 0.378984, 0.417212, 0.316469, 0.321454]
[0.854605, 0.385446, 0.409965, 0.306092, 0.278893]
[0.798557, 0.381606, 0.412791, 0.323877, 0.327035]
