first at GeneralizedLinearAlgorithm.scala:246	count at DataValidators.scala:40	count at GradientDescent.scala:209	treeAggregate at GradientDescent.scala:239
[8.555834, 32.464555, 0.427136, 2.385638]
[8.206987, 31.916194, 0.622301, 2.254638]
[8.27069, 31.984624, 0.410666, 2.2575130000000003]
[11.468431, 33.471704, 0.393726, 2.311586]
[11.313468, 32.088435, 0.44466, 2.4619669999999996]
[11.303411, 34.472232, 0.363941, 2.1986999999999997]
[11.354616, 31.702408, 0.339894, 2.3881769999999998]
[11.471364, 29.850751, 0.484939, 2.240927]
[11.339491, 30.202158, 0.416448, 2.418257]
[11.397979, 31.539036, 0.502302, 2.263066]
[11.476491, 33.033801, 0.491409, 2.272721]
[11.348889, 32.211735, 0.380667, 2.3349949999999997]
[11.357321, 28.575839, 0.181039, 2.246663]
[11.392372, 32.308271, 0.490542, 2.221391]
[11.49759, 30.569856, 0.323515, 2.3255369999999997]
[11.37568, 31.780959, 0.206185, 2.3665160000000003]
[11.476205, 34.099172, 0.291855, 2.302773]
[11.450174, 34.091021, 0.207882, 2.412895]
[11.455721, 30.328916, 0.411708, 2.427202]
[11.448342, 30.168027, 0.323415, 2.247955]
[11.332118, 30.247045, 0.398825, 2.439236]
[11.340074, 32.864197, 0.425497, 2.308891]
[11.576294, 32.941564, 0.581706, 2.106174]
[11.20815, 34.81525, 0.279697, 2.3416740000000003]
[11.327425, 28.970861, 0.495287, 2.2651]
[11.484418, 30.44711, 0.372341, 2.3550859999999996]
[11.34515, 32.520822, 0.368303, 2.364121]
[8.379355, 30.823632, 0.468938, 2.281134]
[11.39335, 31.63236, 0.426956, 2.235001]
[11.367232, 32.954815, 0.432415, 2.2438659999999997]
