[0.47712760000000004, 0.23226668507351628, [(0, 0.926465), (1, 0.463679), (2, 0.385471), (3, 0.306634), (4, 0.303389)]]
[0.4509276, 0.18326537978854598, [(0, 0.803608), (1, 0.445711), (2, 0.381532), (4, 0.316563), (3, 0.307224)]]
[0.4515026000000001, 0.17103156722733964, [(0, 0.787535), (2, 0.429296), (3, 0.350105), (4, 0.346655), (1, 0.343922)]]
[0.46231720000000004, 0.20112383864614355, [(0, 0.857381), (1, 0.408212), (2, 0.403366), (4, 0.323751), (3, 0.318876)]]
[0.4923933999999999, 0.20167648929768683, [(0, 0.889295), (2, 0.450389), (1, 0.403005), (3, 0.38006), (4, 0.339218)]]
[0.4397399999999999, 0.16977224886653294, [(0, 0.771156), (4, 0.4126), (2, 0.375895), (1, 0.336261), (3, 0.302788)]]
[0.47763539999999993, 0.1710633886366104, [(0, 0.811783), (3, 0.430776), (2, 0.414722), (1, 0.40627), (4, 0.324626)]]
[0.4481854, 0.18180030018523072, [(0, 0.803464), (1, 0.422699), (2, 0.373085), (3, 0.333295), (4, 0.308384)]]
[0.4836514, 0.19622886550311602, [(0, 0.865163), (1, 0.469043), (3, 0.392865), (2, 0.359769), (4, 0.331417)]]
[0.45261319999999994, 0.18086007880613122, [(0, 0.800138), (2, 0.422879), (1, 0.420025), (4, 0.319013), (3, 0.301011)]]
[0.45454420000000006, 0.21601310335569923, [(0, 0.880757), (2, 0.401691), (1, 0.36342), (3, 0.332472), (4, 0.294381)]]
[0.46699899999999994, 0.1682065720939583, [(0, 0.785723), (1, 0.45369), (2, 0.438895), (4, 0.343585), (3, 0.313102)]]
[0.44933259999999997, 0.17307824326540874, [(0, 0.7912), (2, 0.415221), (1, 0.356812), (4, 0.344902), (3, 0.338528)]]
[0.4442782, 0.19262568346033196, [(0, 0.827759), (3, 0.379504), (1, 0.347988), (4, 0.344553), (2, 0.321587)]]
[0.46510739999999995, 0.19389664572715024, [(0, 0.851653), (1, 0.39607), (2, 0.370555), (4, 0.354365), (3, 0.352894)]]
[0.47330320000000003, 0.1920820253364692, [(0, 0.843469), (1, 0.456759), (2, 0.413498), (4, 0.341234), (3, 0.311556)]]
[0.46055460000000004, 0.1884993635263525, [(0, 0.83354), (1, 0.400848), (2, 0.393091), (3, 0.347971), (4, 0.327323)]]
[0.482579, 0.17926319529897933, [(0, 0.815632), (1, 0.514502), (2, 0.41457), (3, 0.336661), (4, 0.33153)]]
[0.4854404, 0.19645044898864444, [(0, 0.863845), (2, 0.472483), (1, 0.418601), (3, 0.352797), (4, 0.319476)]]
[0.449591, 0.1961562290624491, [(0, 0.835011), (1, 0.399149), (2, 0.388575), (4, 0.317237), (3, 0.307983)]]
[0.48784720000000004, 0.19888023816196523, [(0, 0.870395), (1, 0.492359), (3, 0.385908), (2, 0.358799), (4, 0.331775)]]
[0.4617782, 0.19473969622385673, [(0, 0.833751), (2, 0.474726), (1, 0.354945), (3, 0.34517), (4, 0.300299)]]
[0.4212348, 0.1993926781899476, [(0, 0.815975), (1, 0.370048), (2, 0.323155), (4, 0.315804), (3, 0.281192)]]
[0.46833480000000005, 0.19359031165985555, [(0, 0.84484), (1, 0.435416), (2, 0.408833), (4, 0.344372), (3, 0.308213)]]
[0.45302, 0.22554127411274416, [(0, 0.89711), (2, 0.409605), (4, 0.348379), (1, 0.320426), (3, 0.28958)]]
[0.4710171999999999, 0.196576531822494, [(0, 0.851173), (2, 0.44946), (1, 0.409413), (4, 0.335377), (3, 0.309663)]]
[0.4728242, 0.2211288780375824, [(0, 0.897218), (1, 0.483163), (2, 0.348488), (4, 0.335521), (3, 0.299731)]]
[0.45622680000000004, 0.19894721526616047, [(0, 0.847015), (2, 0.417212), (1, 0.378984), (4, 0.321454), (3, 0.316469)]]
[0.4470002, 0.20948381802840998, [(0, 0.854605), (2, 0.409965), (1, 0.385446), (3, 0.306092), (4, 0.278893)]]
[0.4487731999999999, 0.17808655666770581, [(0, 0.798557), (2, 0.412791), (1, 0.381606), (4, 0.327035), (3, 0.323877)]]
