s3://url-combined-data/url_combined
[[12.5, 1, 30], 212.005000495]
[[12.5, 1, 30], 109.205523909]
[[12.5, 1, 30], 199.690186242]
[[12.5, 1, 30], 150.227776549]
[[12.5, 1, 30], 108.883578801]
[[12.5, 1, 30], 146.436835174]
[[12.5, 1, 30], 108.089486053]
[[12.5, 1, 30], 180.806348283]
[[12.5, 1, 30], 109.443480778]
[[12.5, 1, 30], 108.209403865]
[[12.5, 1, 30], 108.893034994]
[[12.5, 1, 30], 108.553687735]
[[12.5, 1, 30], 139.583880086]
[[12.5, 1, 30], 159.920945485]
[[12.5, 1, 30], 110.349332767]
[[12.5, 1, 30], 106.936637907]
[[12.5, 1, 30], 107.665876013]
[[12.5, 1, 30], 139.053642022]
[[12.5, 1, 30], 108.901701008]
[[12.5, 1, 30], 110.291504062]
[[12.5, 1, 30], 107.103771754]
[[12.5, 1, 30], 361.744824964]
[[12.5, 1, 30], 109.954180127]
[[12.5, 1, 30], 107.986051495]
[[12.5, 1, 30], 108.530675378]
[[12.5, 1, 30], 147.053998895]
[[12.5, 1, 30], 107.671643448]
[[12.5, 1, 30], 107.546458596]
[[12.5, 1, 30], 110.925978421]
[[12.5, 1, 30], 108.933072816]
