[8.659978, 12.027916, 14.386226, 12.565052, 12.420747]
[10.277509, 11.932978, 10.848023, 11.046358, 10.98607]
[8.82646, 12.767678, 11.176224, 12.75404, 11.100274]
[8.87085, 10.387836, 10.438943, 13.76473, 11.478071]
[13.357493, 13.505273, 11.223538, 11.144633, 10.921594]
[8.94578, 17.678184, 10.951631, 14.382409, 11.612059]
[10.563974, 12.198183, 11.071278, 11.171872, 11.151579]
[8.354677, 9.324595, 14.100458, 10.832391, 10.910693]
[8.301662, 9.644832, 12.284534, 11.013965, 10.824172]
[9.009399, 10.502847, 10.384882, 16.302185, 11.40163]
[8.351355, 9.450147, 9.321665, 12.201424, 12.365527]
[8.571914, 11.107988, 12.414248, 12.306809, 12.941668]
[9.102916, 10.118249, 13.744755, 12.68402, 10.554916]
[8.327988, 11.457369, 12.878995, 11.148448, 13.309547]
[8.343111, 11.076346, 12.966144, 11.351106, 13.247849]
[8.352583, 9.74464, 12.255794, 10.895179, 11.056061]
[8.397907, 9.707427, 12.895119, 13.147617, 12.622821]
[11.398979, 12.457353, 10.920886, 10.653016, 18.452035]
[8.30728, 9.687005, 12.816797, 14.216048, 10.76246]
[8.414189, 9.64808, 12.590246, 14.322129, 11.801908]
[8.366538, 12.647315, 12.892514, 10.866715, 11.506884]
[11.787565, 12.521661, 11.830307, 11.637623, 13.911056]
[8.320359, 11.397006, 13.405137, 11.687985, 11.917496]
[9.201016, 10.30361, 13.551887, 15.134685, 13.585188]
[8.490029, 11.331332, 12.787773, 11.131513, 14.100325]
[10.989507, 9.638357, 11.338703, 11.939039, 13.656967]
[12.186576, 12.232393, 11.900403, 11.604473, 13.808484]
[9.183534, 9.985501, 15.159798, 16.255069, 12.951887]
[13.966399, 13.348916, 12.618178, 11.632058, 11.603643]
[13.542362, 10.564255, 10.986511, 15.9534, 10.732769]
