first at GeneralizedLinearAlgorithm.scala:246	count at DataValidators.scala:40	count at GradientDescent.scala:209	treeAggregate at GradientDescent.scala:239
[7.760117, 33.459118, 0.350415, 60.059919]
[7.555062, 33.647643, 0.335582, 55.090937999999994]
[7.581003, 34.229298, 0.386786, 56.624675999999994]
[7.783652, 33.783056, 0.386039, 54.94043]
[10.701172, 34.322992, 0.365187, 60.152530999999996]
[7.516303, 34.335404, 0.388839, 63.570063000000005]
[10.614556, 34.040688, 0.339054, 56.156886]
[7.492911, 32.4548, 0.328275, 53.522814000000004]
[7.377169, 32.44391, 0.338094, 52.069165]
[8.572325, 34.130979, 0.391159, 57.600943]
[10.51986, 33.410709, 0.368484, 51.690118]
[7.555282, 33.296063, 0.333844, 57.342627]
[7.579941, 34.226081, 0.360114, 56.204856]
[10.484712, 32.381935, 0.338088, 57.122347]
[7.623992, 33.320662, 0.327081, 56.984556000000005]
[7.419023, 32.211254, 0.349881, 52.304257]
[10.909817, 33.479921, 0.343558, 56.770891000000006]
[7.549943, 34.551386, 0.390752, 63.88226900000001]
[7.471853, 32.525846, 0.359118, 55.789590000000004]
[7.410335, 32.490332, 0.333847, 56.776551999999995]
[7.346896, 32.403224, 0.337791, 56.279966]
[7.73866, 32.585238, 0.321332, 61.688212]
[7.508135, 33.469643, 0.335163, 56.727982999999995]
[7.456918, 33.12949, 0.356492, 61.776386]
[7.641745, 34.056036, 0.327868, 57.840971999999994]
[10.631159, 33.974675, 0.387853, 57.562573]
[7.490907, 33.659136, 0.375347, 61.732329]
[7.653694, 34.785658, 0.378382, 63.535789]
[10.47693, 34.332169, 0.380481, 63.169194]
[7.631067, 33.104079, 0.342981, 61.779297]
