[12.0119838, 1.8625893014841892, [(2, 14.386226), (3, 12.565052), (4, 12.420747), (1, 12.027916), (0, 8.659978)]]
[11.0181876, 0.5322081110222204, [(1, 11.932978), (3, 11.046358), (4, 10.98607), (2, 10.848023), (0, 10.277509)]]
[11.324935199999999, 1.4449092232483531, [(1, 12.767678), (3, 12.75404), (2, 11.176224), (4, 11.100274), (0, 8.82646)]]
[10.988086, 1.618294384814209, [(3, 13.76473), (4, 11.478071), (2, 10.438943), (1, 10.387836), (0, 8.87085)]]
[12.0305062, 1.1490418923046104, [(1, 13.505273), (0, 13.357493), (2, 11.223538), (3, 11.144633), (4, 10.921594)]]
[12.7140126, 3.031382912282288, [(1, 17.678184), (3, 14.382409), (4, 11.612059), (2, 10.951631), (0, 8.94578)]]
[11.2313772, 0.5321054146829931, [(1, 12.198183), (3, 11.171872), (4, 11.151579), (2, 11.071278), (0, 10.563974)]]
[10.704562800000001, 1.9502414373368644, [(2, 14.100458), (4, 10.910693), (3, 10.832391), (1, 9.324595), (0, 8.354677)]]
[10.413833, 1.3476414667846937, [(2, 12.284534), (3, 11.013965), (4, 10.824172), (1, 9.644832), (0, 8.301662)]]
[11.520188600000001, 2.5103591429836976, [(3, 16.302185), (4, 11.40163), (1, 10.502847), (2, 10.384882), (0, 9.009399)]]
[10.3380236, 1.6340864649448144, [(4, 12.365527), (3, 12.201424), (1, 9.450147), (2, 9.321665), (0, 8.351355)]]
[11.4685254, 1.5676482111445287, [(4, 12.941668), (2, 12.414248), (3, 12.306809), (1, 11.107988), (0, 8.571914)]]
[11.2409712, 1.7119450966891896, [(2, 13.744755), (3, 12.68402), (4, 10.554916), (1, 10.118249), (0, 9.102916)]]
[11.4244694, 1.7512640883979322, [(4, 13.309547), (2, 12.878995), (1, 11.457369), (3, 11.148448), (0, 8.327988)]]
[11.396911200000002, 1.7503724258215907, [(4, 13.247849), (2, 12.966144), (3, 11.351106), (1, 11.076346), (0, 8.343111)]]
[10.4608514, 1.3207943280675614, [(2, 12.255794), (4, 11.056061), (3, 10.895179), (1, 9.74464), (0, 8.352583)]]
[11.354178200000002, 1.9314090584385692, [(3, 13.147617), (2, 12.895119), (4, 12.622821), (1, 9.707427), (0, 8.397907)]]
[12.776453800000002, 2.9039147388948865, [(4, 18.452035), (1, 12.457353), (0, 11.398979), (2, 10.920886), (3, 10.653016)]]
[11.157918, 2.123683014195763, [(3, 14.216048), (2, 12.816797), (4, 10.76246), (1, 9.687005), (0, 8.30728)]]
[11.355310399999999, 2.101968538584781, [(3, 14.322129), (2, 12.590246), (4, 11.801908), (1, 9.64808), (0, 8.414189)]]
[11.2559932, 1.6234168745774944, [(2, 12.892514), (1, 12.647315), (4, 11.506884), (3, 10.866715), (0, 8.366538)]]
[12.3376424, 0.8437410403993871, [(4, 13.911056), (1, 12.521661), (2, 11.830307), (0, 11.787565), (3, 11.637623)]]
[11.345596599999999, 1.66377347390017, [(2, 13.405137), (4, 11.917496), (3, 11.687985), (1, 11.397006), (0, 8.320359)]]
[12.3552772, 2.228379021867456, [(3, 15.134685), (4, 13.585188), (2, 13.551887), (1, 10.30361), (0, 9.201016)]]
[11.5681944, 1.8772828241067565, [(4, 14.100325), (2, 12.787773), (1, 11.331332), (3, 11.131513), (0, 8.490029)]]
[11.5125146, 1.311244698082795, [(4, 13.656967), (3, 11.939039), (2, 11.338703), (0, 10.989507), (1, 9.638357)]]
[12.3464658, 0.7649313571518426, [(4, 13.808484), (1, 12.232393), (0, 12.186576), (2, 11.900403), (3, 11.604473)]]
[12.707157800000001, 2.774395452562118, [(3, 16.255069), (2, 15.159798), (4, 12.951887), (1, 9.985501), (0, 9.183534)]]
[12.6338388, 0.9329700431232286, [(0, 13.966399), (1, 13.348916), (2, 12.618178), (3, 11.632058), (4, 11.603643)]]
[12.3558594, 2.1009269669224206, [(3, 15.9534), (0, 13.542362), (2, 10.986511), (4, 10.732769), (1, 10.564255)]]
