[0.5167867999999998, 0.5178534219999997, 0.5130946620000002, 0.5225892580000003, 0.5051239160000002, 0.518536204, 0.5158555260000001, 0.5178604659999995, 0.5168665179999996, 0.5162842080000005, 0.5179451440000001, 0.5130713580000006, 0.5238312979999998, 0.5132820760000002, 0.5213316920000004, 0.5175263240000003, 0.5197314580000003, 0.5146662599999998, 0.5181086960000002, 0.5171423280000003, 0.514555044, 0.51927299, 0.5145124980000001, 0.5151076220000002, 0.518788492, 0.5083697979999999, 0.5148970740000001, 0.5182274820000001, 0.5253318699999996, 0.5150180639999998]
[0.5683993666666666, 0.5996574333333334, 0.5870827000000001, 0.5858249666666667, 0.5621657333333334, 0.5763867333333332, 0.5766315, 0.5651965999999999, 0.5713795000000002, 0.5703832999999999, 0.5926131666666669, 0.5648924333333335, 0.5686617666666667, 0.5738772333333333, 0.5717083333333333, 0.5705671333333332, 0.5833697333333332, 0.5702171000000001, 0.5765670333333334, 0.5814937666666665, 0.5801582333333333, 0.5674895333333334, 0.5718718333333334, 0.5753731, 0.5621703, 0.5810007333333334, 0.5712238000000001, 0.5701823333333335, 0.6020565666666665, 0.5715763666666667]
[0.5134923808510637, 0.5126318893617019, 0.5083720212765958, 0.518552936170213, 0.5014829489361703, 0.5148436170212767, 0.5119762085106382, 0.5148390106382977, 0.5133869659574465, 0.5128310744680855, 0.5131790999999997, 0.5097636297872346, 0.5209697787234044, 0.5094143000000003, 0.5181161617021282, 0.514140740425532, 0.5156694404255322, 0.5111204617021271, 0.5143773127659577, 0.5130347893617022, 0.5103676063829787, 0.5161953382978722, 0.5108512638297872, 0.5112608893617028, 0.516019440425532, 0.5037337808510636, 0.5113017510638299, 0.5149112148936171, 0.5204345489361702, 0.5114079595744679]
[0.06640348155779184, 0.07550836550634579, 0.05847541831080609, 0.06588489951586354, 0.05282051685840404, 0.060349067804584905, 0.05870879678250376, 0.0590684466818694, 0.057794732753960125, 0.0606728892203819, 0.06449280727075901, 0.05366427831936096, 0.05775764895462069, 0.058423380378870765, 0.06557175573797863, 0.06080437319784675, 0.06270492006396496, 0.05974047232086803, 0.06422192439660762, 0.061253838213196195, 0.05867593477143815, 0.057362438128638685, 0.057811299299306486, 0.06354437802319819, 0.06076440193476717, 0.05670815875340335, 0.057240325474516005, 0.05551018337495989, 0.06624518053495743, 0.06518049082546022]
[0.166080882126648, 0.2096875024115145, 0.12842666346418616, 0.1449707134595314, 0.1125712453992088, 0.11643623262024393, 0.11956273555885491, 0.1135572277739584, 0.1181011065318611, 0.12056760762718706, 0.16203467166074537, 0.11751677570930978, 0.11235835834883648, 0.11176903424791781, 0.14563805585201817, 0.13677376585362497, 0.1228349416960102, 0.12302665508589324, 0.15398889445140373, 0.11842528471619658, 0.12497021950920503, 0.11251015239101265, 0.11959524771023396, 0.1184073042001914, 0.11152563825570931, 0.14869110908141825, 0.12392504456011572, 0.1152806101650326, 0.13821195302497857, 0.1675730108009607]
[0.052434532337504676, 0.0529576308593844, 0.047044016871567354, 0.05481681143789015, 0.04402589307723874, 0.0527433377616601, 0.050034441932417295, 0.052311899491963916, 0.049612092022895, 0.05281637416540027, 0.048686327966704274, 0.04471937535550276, 0.05105481744254368, 0.05083749515316719, 0.055207933203706476, 0.0504782861004512, 0.054265911808345474, 0.0511965184103998, 0.05140132393905125, 0.05305791487959666, 0.0487187184158768, 0.05034501726848724, 0.049184400870802086, 0.05616129332530315, 0.054829600634977535, 0.04064053961073811, 0.04785280056243122, 0.047397225309606085, 0.055222237980001754, 0.05010066641333296]
0.5167189516000001
0.575672611111111
0.5129559520567377
0.060778826832241006
0.1311672881431336
0.050671847820298245
