[[1, 1.352865], [4, 0.788143], [6, 0.728715], [8, 0.742035], [114, 0.758811], [125, 0.723148], [190, 0.717713], [309, 0.717101], [330, 0.795745], [469, 0.780235]]
[[1, 1.620047], [4, 0.857302], [266, 0.879789], [497, 0.908904]]
[[1, 0.998709], [2, 0.894509], [5, 0.754628], [7, 0.822572], [22, 0.688689], [352, 0.850744], [369, 0.695368], [388, 0.698772], [406, 0.72888], [432, 0.697759], [439, 0.727221]]
[[1, 1.21747], [4, 0.79543], [6, 0.775978], [11, 0.721097], [164, 0.725809], [310, 0.746135], [374, 0.736962], [401, 0.723916], [407, 0.758584], [430, 0.761593], [441, 0.742233]]
[[1, 1.005489], [3, 0.800239], [5, 0.753704], [24, 0.690145], [117, 0.687463], [453, 0.822517], [469, 0.685389]]
[[1, 0.984872], [2, 0.830687], [4, 0.753113], [9, 0.717371], [163, 0.835391], [205, 0.718912], [309, 0.718646], [378, 0.705315], [460, 0.756463], [495, 0.770003]]
[[1, 0.998486], [2, 0.810165], [4, 0.784571], [6, 0.698695], [8, 0.710229], [14, 0.729617], [253, 0.703039], [280, 0.843406], [312, 0.694438], [411, 0.722782]]
[[1, 1.022724], [3, 0.771795], [5, 0.717329], [8, 0.718708], [98, 0.7255], [99, 0.697661], [158, 0.861701], [496, 0.774484]]
[[1, 0.993843], [4, 0.946049], [227, 0.695036], [262, 0.706344], [277, 0.692762], [285, 0.757425], [312, 0.708729], [333, 0.696813], [376, 0.71126], [432, 0.69395], [480, 0.69587]]
[[1, 0.978431], [2, 0.905881], [7, 0.717268], [9, 0.708294], [195, 0.704843], [291, 0.722417], [331, 0.932378], [440, 0.743237], [468, 0.719351]]
[[1, 1.383466], [3, 0.756327], [418, 0.741882]]
[[1, 1.008555], [2, 0.886274], [5, 0.706042], [28, 0.684226], [79, 0.675041], [130, 0.694892], [328, 0.676532], [331, 0.717053], [363, 0.677973], [418, 0.687728], [477, 0.735498]]
[[1, 0.971891], [2, 0.852347], [5, 0.788275], [84, 0.711184], [114, 0.719587], [214, 0.712434], [230, 0.730179], [282, 0.701732], [337, 0.777331], [474, 0.711197]]
[[1, 0.98469], [3, 0.728363], [5, 0.71616], [8, 0.716406], [13, 0.705481], [168, 0.714158], [176, 0.689052], [187, 0.713989], [246, 0.691349], [270, 0.696303], [274, 0.716845], [292, 0.697302], [320, 0.693664], [342, 0.74296], [372, 0.698453], [383, 0.739381], [445, 0.713258]]
[[1, 1.27962], [6, 0.726506], [116, 0.745723], [197, 0.751175], [233, 0.724602]]
[[1, 1.187127], [3, 0.830858], [6, 0.70001], [162, 0.717461], [289, 0.703315], [363, 0.707814], [375, 0.72099], [498, 0.748443]]
[[1, 1.034631], [3, 0.837019], [5, 0.751327], [195, 0.70815], [288, 0.731399], [323, 0.719951], [418, 0.737452], [474, 0.759445], [477, 0.715288]]
[[1, 1.023756], [2, 0.814003], [4, 0.862078], [227, 0.87433], [236, 0.703175], [250, 0.864111], [330, 0.701411]]
[[1, 1.293074], [3, 0.806167], [6, 0.741372], [317, 0.726273], [363, 0.754985], [386, 0.719879], [392, 0.737128]]
[[1, 1.027142], [2, 0.837451], [11, 0.708924], [155, 0.703604], [168, 0.746759], [300, 0.713681], [320, 0.742328], [346, 0.762695], [375, 0.71119], [395, 0.713582], [415, 0.703195], [443, 0.703464], [479, 0.717076]]
[[1, 1.124766], [3, 0.802997], [11, 0.723252], [179, 0.715666], [294, 0.736676], [360, 0.691046], [385, 0.707816], [436, 0.730544], [459, 0.696721], [473, 0.770661]]
[[1, 1.015116], [2, 0.825173], [6, 0.718138], [230, 0.695212], [246, 0.698635], [371, 0.718263], [415, 0.701551], [418, 0.727799], [432, 0.719998], [457, 0.70699], [487, 0.730207]]
[[1, 0.990404], [3, 0.779816], [5, 0.785819], [10, 0.704218], [20, 0.789087], [182, 0.751698], [307, 0.718142], [331, 0.716146], [363, 0.694569], [374, 0.744887], [430, 0.696721]]
[[1, 1.003495], [3, 0.771389], [6, 0.840935], [10, 0.755332], [329, 0.897679], [375, 0.709162], [471, 0.705803], [486, 0.728282]]
[[1, 0.989965], [5, 0.732039], [10, 0.810074], [179, 0.855087], [198, 0.72239], [252, 0.731062], [292, 0.720104], [417, 0.720045], [422, 0.754993], [448, 0.795053], [481, 0.719546]]
[[1, 1.275668], [6, 0.690394], [11, 0.75209], [27, 0.679586], [71, 0.687076], [138, 0.751922], [252, 0.716802], [450, 0.682538]]
[[1, 0.971077], [2, 0.941104], [7, 0.759971], [133, 0.688137], [384, 0.710122], [428, 0.692164], [457, 0.720599]]
[[1, 1.017409], [2, 0.733911], [5, 0.711513], [14, 0.751944], [91, 0.742001], [107, 0.703377], [120, 0.687773], [186, 0.711738], [202, 0.708252], [218, 0.686827], [287, 0.725444], [482, 0.697601]]
[[1, 0.965952], [2, 1.013636], [4, 0.801289], [9, 0.73548], [325, 0.745031], [358, 0.725293], [447, 0.743126], [458, 0.781654]]
[[1, 1.40303], [6, 0.747753], [299, 0.724102], [362, 0.717031], [434, 0.719705], [465, 0.726824]]
