0.167207297477
0.152663057778
0.117136110976
0.126847020912
0.10139101545
0.100787468527
0.0879050101969
0.0805308618277
0.0830017781734
0.0874831604857
0.0829509990903
0.0571459795934
0.0617439649179
0.0738454222549
0.0421746266869
0.0635013807302
0.0514814741503
0.0510471837067
0.0661650977796
0.0589058968164
0.0569938086644
0.0588083771439
0.0485288585569
0.0424466702917
0.039085195083
0.0450481829352
0.0395152868661
0.0617509019765
0.037640120329
0.0506600422429
0.0407394024855
0.0483815396231
0.0438770654776
0.0431489356114
0.032628139366
0.0504799470695
0.036335398254
0.055654149664
0.0270278998295
0.0318860939951
0.0342491647224
0.0617912884288
0.0479222668298
0.0374654830757
0.0519357480307
0.0387456837137
0.0303877970998
0.036852892659
0.0270683304223
0.0271618835633
0.0341749096486
0.0364117467829
0.0408754620738
0.0458618616156
0.0653024018868
0.0405817785565
0.0249715215755
0.0274209265841
0.0535291907978
0.0480032430074
0.0543666987494
0.0574013699991
0.0485528797538
0.0246450473474
0.0266925850849
0.0530439631346
0.052533928014
0.0319623239293
0.0496927960105
0.0525610771406
0.0511449960939
0.0457793352829
0.0443180431382
0.0321863567375
0.0553488689591
0.0448720280854
0.0287843488305
0.036816528883
0.0421927372777
0.0479849812259
0.0345670993143
0.0402024573036
0.0426288505989
0.0554928733016
0.052196962322
0.0448971316487
0.0419969369435
0.0460609000533
0.037116928528
0.0512628919846
0.0665515933866
0.0382297207789
0.0235097448241
0.043287754528
0.033032801452
0.0543475788631
0.0472618199474
0.053056900345
0.0404446350578
0.0451533662693
0.0388141509312
0.0472040813806
0.0396131494198
0.0565587355442
0.0497372809361
0.0359852649786
0.0592607411487
0.0481975368297
0.0538641096914
0.0436227854341
0.0472704088086
0.0384604923374
0.0435086374529
0.0695299646354
0.0317633212229
0.0525482924317
0.0484487051319
0.0650526663926
0.0411666634076
0.0511578098766
0.0351804704791
0.0432398685764
0.0476268935023
0.0462495252665
0.0538804277512
0.051236677337
0.0480010702322
0.0409868998441
0.0274348078117
0.0578451086291
0.0680481035704
0.0336451241249
0.0524761217754
0.0215571322841
0.0438552418892
0.0601795419707
0.0486052485324
0.0643831180568
0.0452479475385
0.0629749155603
0.0395376731599
0.0572490708657
0.0439615645806
0.0453513374413
0.0567689836783
0.038623045258
0.0311498484924
0.0437030198608
0.0446378057805
0.0572604214816
0.0649128482935
0.0324293050088
0.0560296980564
0.0678266489371
0.0444865211881
0.0417599520673
0.0312747102512
0.0777015304759
0.0408518649078
0.0501033827609
0.0456107539568
0.0569618313522
0.0636316811976
0.0612673729874
0.0284212368771
0.0463258493476
0.0319566586253
0.0783183245873
0.0456320593343
0.0647309306745
0.0403201325455
0.0569915710082
0.0471940981951
0.0464880692285
0.0231698539295
0.0583063885416
0.033845419548
0.0606839393311
0.0784776979659
0.0535022476704
0.0444088687229
0.0663703615058
0.0444336151173
0.0415419021836
0.0576662007842
0.0563913994224
0.0501630872974
0.0231263695147
0.0265467920782
0.0592017002991
0.0501250120411
0.0476593235517
0.0580531649912
0.0295122756949
0.0657978714884
0.0484686332242
0.0584868362808
0.0584030481406
0.0517456220358
0.0533247147905
0.061155505616
0.0460511403693
0.0522027777272
0.0454552025599
0.0629750454124
0.0534737340597
0.0316142803549
0.0271021047875
0.0543164373476
0.0422057533111
0.0315514958755
0.0655963674571
0.0630854074197
0.0559743413553
0.0350518439372
0.0465442548889
0.0314040620388
0.0498167593746
0.0575290608356
0.0727425654847
0.0725283381383
0.0390638209434
0.0282945375676
0.025934709062
0.0294681510776
0.0521422697043
0.0783210607621
0.0417456072931
0.0488591582788
0.0785169183924
0.0435330989727
0.0438744246989
0.0485200570393
0.0464105365012
0.0419037297491
0.0796047832352
0.0486544161454
0.0441398515676
0.0283724855379
0.0471204118296
0.0507131708034
0.0337465517808
0.0387498429958
0.0418787386546
0.0333965769601
0.0632211711796
0.0602490877853
0.0542048823469
0.0705390788681
0.0955165443539
0.0300195257729
0.0762817983623
0.043007645926
0.044544360732
0.0516969968604
0.0526843094656
0.054036416515
0.0582183156252
0.0217737087242
0.0469158838316
0.0390441984207
0.0577891668131
0.0330820809205
0.0254758225981
0.0542907803846
0.0849162727195
0.0290534708281
0.058898344418
0.0263847947449
0.0670761001137
0.0449758978679
0.0449465129213
0.0491131774379
0.0607497778306
0.0554927436005
0.0514366302718
0.048801565077
0.0236204453397
0.0580243617044
0.0721552472514
0.05116128603
0.0449360351171
0.0432168411305
0.047540536479
0.0674325019387
0.0422449604445
0.0517319284861
0.0619403038144
0.0570159897578
0.0359542076808
0.0681034245736
0.0606362282527
0.0232369832835
0.074218670997
0.0361879864247
0.0426670148576
0.0297274514579
0.0473296992923
0.0656803659919
0.0466292907435
0.0424478953306
0.0318691994382
0.053394544597
0.0528511629243
0.0443450184877
0.0465186899077
0.0549918412574
0.0595113248197
0.0709096465101
0.0617189677811
0.047220736445
0.0646154610918
0.0462835017825
0.0362632120833
0.0375339445977
0.0234898278841
0.0721519988152
0.0500554999715
0.0519451625401
0.063375124874
0.0254652593334
0.0493137304013
0.0460125371067
0.0412347028288
0.0617827892144
0.0302346352433
0.0385701429347
0.0681313300773
0.0844838098046
0.0703741472591
0.104156802507
0.0303715433519
0.0419079772549
0.0235558707431
0.0548259699258
0.0274288484331
0.0605301903476
0.0435379574352
0.0289942229516
0.0473414387805
0.047406430324
0.0592239878353
0.0462404295994
0.0665576264417
0.0287681812306
0.0607196426198
0.053756628252
0.0498025603613
0.0641092100366
0.0483178746408
0.0691291046783
0.067691356293
0.0238513949525
0.0373404983592
0.0506780660414
0.0413019974209
0.0346272469273
0.0485157026166
0.0200969156302
0.0529128150529
0.044603046737
0.0453665077042
0.084544699402
0.0649298015037
0.0438838388821
0.0346793824205
0.0338390934214
0.0531872110884
0.0555907693407
0.0522465487796
0.0594775884778
0.0512605409529
0.0357927508085
0.065815093754
0.0757494871202
0.0537374338733
0.0449273177912
0.047326366732
0.0488342117514
0.0451823717457
0.0267604607356
0.0288235964881
0.0630566070618
0.0480295888789
0.0546439238788
0.0491219162908
0.0430693032442
0.0627645840981
0.0661618730904
0.0399415087856
0.0400055165187
0.0615141249358
0.0375725064983
0.0557930856215
0.0591738900865
0.033125966021
0.0634454590112
0.030241036976
0.0432198951649
0.0417854784454
0.0621219108691
0.0439047544257
0.0533184845802
0.0314352974947
0.0230955401651
0.0484982312118
0.0648979913375
0.028360353607
0.0557993669647
0.0338010631457
0.0495299613231
0.0378059079494
0.0379349307722
0.027749979771
0.0643205723941
0.0478364914354
0.0469142539887
0.08411369978
0.0241333321727
0.0541644593987
0.0293522390443
0.0632467228574
0.0308162616386
0.0472970064096
0.0515406441913
0.0421482822147
0.0359896547633
0.0551192812383
0.031732074225
0.0655857258939
0.0441099051822
0.0711326954902
0.0247085241357
0.0510723723112
0.0417218405613
0.054951953163
0.043616068538
0.0382299341151
0.0498124982374
0.0612796953488
0.0614896770097
0.0324970306209
0.0663915586103
0.0453047711706
0.0582476066976
0.0300631409111
0.052193360708
0.0651325838755
0.025664704712
0.0402371713457
0.0256615550625
0.036632777061
0.0654870197502
0.0382285310684
0.0480650419798
0.0533661440033
0.056599518794
0.0560656794605
0.0704870659866
0.0592483357412
0.0368805199557
0.0277231786882
0.0392996108915
0.0368031959171
0.0495556575068
0.025947457222
0.0302299762338
0.0705205352914
0.0611777867233
0.037250890947
0.0615162265378
0.0426558063808
0.0757573566724
0.0649629631465
0.0428341925929
0.036071677539
0.0685603952165
0.0278072579347
0.0454007788888
0.0502507838119
0.050129729038
0.0455179133439
0.0244516411975
0.0414667893503
0.0343212861022
0.0506245164179
0.0653724345379
0.0550632204983
0.0642781986677
0.0421287045962
0.0490158569326
0.0252325941651
0.039506504912
0.0239940225644
0.0594955592548
0.0624817309529
0.0784710301918
0.0535822097337
0.0564967736656
0.0276412106714
