1.10412566667
0.686037166667
0.627439166667
0.626281033333
0.612574433333
0.622320533333
0.579966533333
0.5885685
0.5697033
0.585732633333
0.573155166667
0.5469459
0.541825466667
0.576560833333
0.521613133333
0.542844233333
0.520757333333
0.534150466667
0.532547433333
0.5182547
0.5372733
0.528821966667
0.529113366667
0.525694533333
0.5162287
0.5206322
0.522156766667
0.530753533333
0.523964866667
0.524135466667
0.5239023
0.524334033333
0.519750266667
0.527432066667
0.5127869
0.5488337
0.5198857
0.538457333333
0.514497933333
0.522414066667
0.520283466667
0.5478631
0.5322636
0.527777366667
0.538473433333
0.5342504
0.517370433333
0.529704833333
0.522140466667
0.5184766
0.5168199
0.516961433333
0.5291743
0.519124766667
0.5397105
0.517931833333
0.510401066667
0.508443733333
0.530268
0.5252658
0.536429233333
0.528284766667
0.530706533333
0.5105661
0.511117533333
0.508616666667
0.541698433333
0.5161622
0.515719833333
0.518812533333
0.5220414
0.5100577
0.517131733333
0.502384033333
0.518552133333
0.513519633333
0.508225066667
0.515165733333
0.521278533333
0.514695766667
0.502703166667
0.513588533333
0.525987133333
0.512213
0.518512866667
0.5194273
0.515127966667
0.514357866667
0.519715333333
0.5138082
0.522157333333
0.520055033333
0.5057898
0.519058166667
0.509775633333
0.5249053
0.5084163
0.517124666667
0.513022333333
0.513787133333
0.5125656
0.518082533333
0.510986333333
0.522299333333
0.516984766667
0.513519866667
0.5216949
0.516278566667
0.5134735
0.516474633333
0.507608933333
0.512533033333
0.522583166667
0.522391833333
0.5064796
0.506765333333
0.5130931
0.527961533333
0.509602866667
0.5112006
0.495733733333
0.5096816
0.5119587
0.510607766667
0.5124505
0.519461833333
0.507160366667
0.5034708
0.511245733333
0.524096233333
0.527777933333
0.510401566667
0.524212466667
0.492322766667
0.5078659
0.508194833333
0.506411966667
0.523735233333
0.516830533333
0.528313333333
0.501952033333
0.513950133333
0.5267566
0.506082766667
0.510097
0.506902
0.501236366667
0.514908666667
0.512462033333
0.515866766667
0.5234116
0.506316666667
0.5132869
0.523706966667
0.5159049
0.506149933333
0.496700366667
0.5377859
0.501468433333
0.5051171
0.515492566667
0.51975
0.513448966667
0.508994866667
0.4998438
0.5126446
0.5001012
0.5416979
0.5070742
0.522033533333
0.5098311
0.505641566667
0.518841533333
0.510517933333
0.498694133333
0.5194792
0.502723433333
0.517857833333
0.5246109
0.504217866667
0.522798866667
0.530847166667
0.508740933333
0.509508966667
0.515737666667
0.517811666667
0.5136483
0.500914733333
0.506842766667
0.5132714
0.518950533333
0.503532833333
0.5138739
0.5087832
0.520513166667
0.5102032
0.514987
0.512133566667
0.521316833333
0.5050562
0.5129687
0.511417566667
0.5011674
0.5078278
0.521920666667
0.511904333333
0.508125333333
0.496281433333
0.510763
0.503852333333
0.505227533333
0.520115966667
0.512585233333
0.5102901
0.502147733333
0.5040032
0.509736833333
0.5127335
0.506692333333
0.524931966667
0.5325386
0.500878366667
0.507111033333
0.493195933333
0.497403
0.514534233333
0.521951366667
0.505049833333
0.513831233333
0.537743233333
0.505840033333
0.508833066667
0.5007212
0.515152733333
0.504069666667
0.533947533333
0.514061133333
0.514153166667
0.494929933333
0.507326066667
0.515625833333
0.4939542
0.511435933333
0.507643966667
0.503266133333
0.5334645
0.516352366667
0.515858766667
0.5336058
0.526025566667
0.503860966667
0.523750133333
0.5096568
0.514850666667
0.514513133333
0.511599833333
0.523298433333
0.516734033333
0.492885833333
0.507617366667
0.499325233333
0.516036333333
0.508001033333
0.500002133333
0.5273664
0.527700966667
0.4917492
0.5129135
0.494673066667
0.517847066667
0.5054932
0.5069785
0.516869433333
0.518353166667
0.512820433333
0.512015466667
0.507027633333
0.491913233333
0.519122
0.506246566667
0.516861766667
0.510393766667
0.501658966667
0.5063396
0.519400233333
0.507076333333
0.5155171
0.5154821
0.515673733333
0.5057661
0.525542566667
0.518125533333
0.500602133333
0.526815966667
0.5016283
0.505023933333
0.5081655
0.512236966667
0.534961633333
0.513726233333
0.510765266667
0.499364033333
0.5097195
0.509426866667
0.506177166667
0.514054733333
0.5162187
0.52386
0.523772866667
0.5213578
0.5101973
0.518152766667
0.5111905
0.494033933333
0.506746266667
0.4950001
0.520771633333
0.520075
0.510542233333
0.523394733333
0.490840133333
0.5104298
0.502582066667
0.502609466667
0.520721233333
0.5001758
0.498636
0.5314886
0.5283698
0.523626766667
0.541241866667
0.503406433333
0.512346733333
0.495807
0.5224516
0.498595633333
0.511433433333
0.5102168
0.502176033333
0.517481166667
0.515211733333
0.531582466667
0.51826
0.527715333333
0.503169866667
0.5096637
0.5128218
0.5103777
0.520658533333
0.513228
0.526696333333
0.515593133333
0.504425533333
0.506612466667
0.5067292
0.5080018
0.501287366667
0.507831233333
0.491238433333
0.5046308
0.4986182
0.5046853
0.5435514
0.530638566667
0.5113818
0.508553
0.498211433333
0.5118578
0.5041391
0.514879466667
0.509310166667
0.510851533333
0.5107824
0.517533866667
0.537169766667
0.512045666667
0.512067566667
0.499581466667
0.509388466667
0.492337033333
0.500991133333
0.5058324
0.5169767
0.5161207
0.506270166667
0.5093953
0.5084113
0.524462166667
0.511285966667
0.503516166667
0.496695266667
0.5221349
0.515882633333
0.5154364
0.519286633333
0.5088261
0.5097493
0.502614133333
0.509528933333
0.498862566667
0.5290678
0.4995845
0.527394
0.504980766667
0.489800533333
0.5104957
0.502949766667
0.499751866667
0.52107
0.499741533333
0.501531
0.5099307
0.506469666667
0.5085129
0.522877633333
0.503190133333
0.511384766667
0.5429843
0.4952052
0.515661666667
0.500248133333
0.528834166667
0.502876766667
0.5081584
0.5101025
0.498766866667
0.507131466667
0.515837033333
0.5013641
0.5320751
0.505648133333
0.522341366667
0.496539966667
0.5049368
0.5032032
0.512419966667
0.501805566667
0.511682433333
0.517914866667
0.520247233333
0.529782666667
0.4974796
0.5191296
0.5067861
0.51228
0.5002474
0.517523733333
0.520020966667
0.500631666667
0.5096764
0.5016938
0.502265
0.507686966667
0.504919133333
0.5142245
0.513553766667
0.522608866667
0.515184366667
0.537032166667
0.5140356
0.495961
0.492041233333
0.500497666667
0.503720566667
0.509671
0.505150333333
0.4974678
0.532170533333
0.5253982
0.4982587
0.520259466667
0.505383266667
0.527964733333
0.511767566667
0.507557333333
0.5061643
0.518787433333
0.509772133333
0.5042546
0.509631766667
0.5141358
0.502573233333
0.4962345
0.5133229
0.5001874
0.5206217
0.519548833333
0.516324433333
0.520799366667
0.505228333333
0.515324366667
0.493178033333
0.5025028
0.5081441
0.521761433333
0.5243357
0.520771633333
0.5152567
0.510457333333
0.499509766667
