first at GeneralizedLinearAlgorithm.scala:246	count at DataValidators.scala:40	count at GradientDescent.scala:209	treeAggregate at GradientDescent.scala:239
[8.354713, 2.909109, 0.078228, 258.3933999999999]
[5.210334, 2.841779, 0.070741, 258.92671099999984]
[5.084155, 2.834188, 0.070732, 256.5473310000001]
[4.95273, 2.860609, 0.069545, 261.29462900000016]
[5.168718, 2.849069, 0.063516, 252.56195800000006]
[5.034892, 2.998295, 0.082835, 259.268102]
[4.989917, 2.915101, 0.073651, 257.927763]
[5.099732, 2.886197, 0.067078, 258.93023299999976]
[4.953891, 2.960445, 0.073317, 258.4332589999998]
[5.044366, 3.040213, 0.071358, 258.14210400000024]
[5.131349, 2.903562, 0.083564, 258.97257200000007]
[5.056763, 3.038936, 0.064349, 256.5356790000003]
[4.951549, 3.056159, 0.071265, 261.9156489999999]
[5.055398, 3.010917, 0.064998, 256.6410380000001]
[5.190701, 2.815545, 0.073794, 260.6658460000002]
[5.072528, 2.791384, 0.068906, 258.76316200000014]
[5.117581, 2.955007, 0.072976, 259.86572900000016]
[4.976466, 2.973154, 0.07667, 257.3331299999999]
[5.130279, 2.837507, 0.077204, 259.0543480000001]
[4.990167, 3.001763, 0.065966, 258.5711640000001]
[5.182844, 2.848895, 0.069535, 257.277522]
[4.910991, 3.067376, 0.065906, 259.636495]
[4.942781, 2.882666, 0.064035, 257.256249]
[5.054956, 2.817592, 0.067058, 257.55381100000005]
[5.067856, 3.033677, 0.065259, 259.394246]
[4.98686, 2.986671, 0.064771, 254.18489899999994]
[5.217348, 3.013689, 0.069639, 257.44853700000004]
[5.090011, 3.030298, 0.070091, 259.11374100000006]
[5.073297, 2.92204, 0.070316, 262.6659349999998]
[5.01859, 2.994399, 0.087047, 257.50903199999993]
