[0.5167867999999998, 0.06640348155779184, [(0, 1.352865), (329, 0.795745), (3, 0.788143), (468, 0.780235), (113, 0.758811), (7, 0.742035), (5, 0.728715), (124, 0.723148), (189, 0.717713), (308, 0.717101)]]
[0.5178534219999997, 0.07550836550634579, [(0, 1.620047), (496, 0.908904), (265, 0.879789), (3, 0.857302), (327, 0.743901), (246, 0.743893), (470, 0.738039), (11, 0.731037), (167, 0.710789), (396, 0.699696)]]
[0.5130946620000002, 0.05847541831080609, [(0, 0.998709), (1, 0.894509), (351, 0.850744), (6, 0.822572), (4, 0.754628), (405, 0.72888), (438, 0.727221), (387, 0.698772), (431, 0.697759), (368, 0.695368)]]
[0.5225892580000003, 0.06588489951586354, [(0, 1.21747), (3, 0.79543), (5, 0.775978), (429, 0.761593), (406, 0.758584), (309, 0.746135), (440, 0.742233), (373, 0.736962), (163, 0.725809), (400, 0.723916)]]
[0.5051239160000002, 0.05282051685840404, [(0, 1.005489), (452, 0.822517), (2, 0.800239), (4, 0.753704), (23, 0.690145), (116, 0.687463), (468, 0.685389), (434, 0.660891), (122, 0.655922), (9, 0.653499)]]
[0.518536204, 0.060349067804584905, [(0, 0.984872), (162, 0.835391), (1, 0.830687), (494, 0.770003), (459, 0.756463), (3, 0.753113), (204, 0.718912), (308, 0.718646), (8, 0.717371), (377, 0.705315)]]
[0.5158555260000001, 0.05870879678250376, [(0, 0.998486), (279, 0.843406), (1, 0.810165), (3, 0.784571), (13, 0.729617), (410, 0.722782), (7, 0.710229), (252, 0.703039), (5, 0.698695), (311, 0.694438)]]
[0.5178604659999995, 0.0590684466818694, [(0, 1.022724), (157, 0.861701), (495, 0.774484), (2, 0.771795), (97, 0.7255), (7, 0.718708), (4, 0.717329), (98, 0.697661), (274, 0.691976), (171, 0.689062)]]
[0.5168665179999996, 0.057794732753960125, [(0, 0.993843), (3, 0.946049), (284, 0.757425), (375, 0.71126), (311, 0.708729), (261, 0.706344), (332, 0.696813), (479, 0.69587), (226, 0.695036), (431, 0.69395)]]
[0.5162842080000005, 0.0606728892203819, [(0, 0.978431), (330, 0.932378), (1, 0.905881), (439, 0.743237), (290, 0.722417), (467, 0.719351), (6, 0.717268), (8, 0.708294), (194, 0.704843), (239, 0.697012)]]
[0.5179451440000001, 0.06449280727075901, [(0, 1.383466), (2, 0.756327), (417, 0.741882), (369, 0.711406), (312, 0.701153), (246, 0.700247), (486, 0.691818), (393, 0.68893), (9, 0.688158), (41, 0.686952)]]
[0.5130713580000006, 0.05366427831936096, [(0, 1.008555), (1, 0.886274), (476, 0.735498), (330, 0.717053), (4, 0.706042), (129, 0.694892), (417, 0.687728), (27, 0.684226), (362, 0.677973), (327, 0.676532)]]
[0.5238312979999998, 0.05775764895462069, [(0, 0.971891), (1, 0.852347), (4, 0.788275), (336, 0.777331), (229, 0.730179), (113, 0.719587), (213, 0.712434), (473, 0.711197), (83, 0.711184), (281, 0.701732)]]
[0.5132820760000002, 0.058423380378870765, [(0, 0.98469), (341, 0.74296), (382, 0.739381), (2, 0.728363), (273, 0.716845), (7, 0.716406), (4, 0.71616), (167, 0.714158), (186, 0.713989), (444, 0.713258)]]
[0.5213316920000004, 0.06557175573797863, [(0, 1.27962), (196, 0.751175), (115, 0.745723), (5, 0.726506), (232, 0.724602), (472, 0.708799), (248, 0.708702), (316, 0.707556), (149, 0.705311), (90, 0.695137)]]
[0.5175263240000003, 0.06080437319784675, [(0, 1.187127), (2, 0.830858), (497, 0.748443), (374, 0.72099), (161, 0.717461), (362, 0.707814), (288, 0.703315), (5, 0.70001), (169, 0.693857), (249, 0.693334)]]
[0.5197314580000003, 0.06270492006396496, [(0, 1.034631), (2, 0.837019), (473, 0.759445), (4, 0.751327), (417, 0.737452), (287, 0.731399), (322, 0.719951), (476, 0.715288), (194, 0.70815), (275, 0.707838)]]
[0.5146662599999998, 0.05974047232086803, [(0, 1.023756), (226, 0.87433), (249, 0.864111), (3, 0.862078), (1, 0.814003), (235, 0.703175), (329, 0.701411), (394, 0.692375), (231, 0.689468), (219, 0.689086)]]
[0.5181086960000002, 0.06422192439660762, [(0, 1.293074), (2, 0.806167), (362, 0.754985), (5, 0.741372), (391, 0.737128), (316, 0.726273), (385, 0.719879), (61, 0.708593), (427, 0.704478), (364, 0.700174)]]
[0.5171423280000003, 0.061253838213196195, [(0, 1.027142), (1, 0.837451), (345, 0.762695), (167, 0.746759), (319, 0.742328), (478, 0.717076), (299, 0.713681), (394, 0.713582), (374, 0.71119), (10, 0.708924)]]
[0.514555044, 0.05867593477143815, [(0, 1.124766), (2, 0.802997), (472, 0.770661), (293, 0.736676), (435, 0.730544), (10, 0.723252), (178, 0.715666), (384, 0.707816), (458, 0.696721), (359, 0.691046)]]
[0.51927299, 0.057362438128638685, [(0, 1.015116), (1, 0.825173), (486, 0.730207), (417, 0.727799), (431, 0.719998), (370, 0.718263), (5, 0.718138), (456, 0.70699), (414, 0.701551), (245, 0.698635)]]
[0.5145124980000001, 0.057811299299306486, [(0, 0.990404), (19, 0.789087), (4, 0.785819), (2, 0.779816), (181, 0.751698), (373, 0.744887), (306, 0.718142), (330, 0.716146), (9, 0.704218), (429, 0.696721)]]
[0.5151076220000002, 0.06354437802319819, [(0, 1.003495), (328, 0.897679), (5, 0.840935), (2, 0.771389), (9, 0.755332), (485, 0.728282), (374, 0.709162), (470, 0.705803), (309, 0.698199), (233, 0.693965)]]
[0.518788492, 0.06076440193476717, [(0, 0.989965), (178, 0.855087), (9, 0.810074), (447, 0.795053), (421, 0.754993), (4, 0.732039), (251, 0.731062), (197, 0.72239), (291, 0.720104), (416, 0.720045)]]
[0.5083697979999999, 0.05670815875340335, [(0, 1.275668), (10, 0.75209), (137, 0.751922), (251, 0.716802), (5, 0.690394), (70, 0.687076), (449, 0.682538), (26, 0.679586), (219, 0.668854), (304, 0.663096)]]
[0.5148970740000001, 0.057240325474516005, [(0, 0.971077), (1, 0.941104), (6, 0.759971), (456, 0.720599), (383, 0.710122), (427, 0.692164), (132, 0.688137), (330, 0.685545), (219, 0.680544), (488, 0.679762)]]
[0.5182274820000001, 0.05551018337495989, [(0, 1.017409), (13, 0.751944), (90, 0.742001), (1, 0.733911), (286, 0.725444), (185, 0.711738), (4, 0.711513), (201, 0.708252), (106, 0.703377), (481, 0.697601)]]
[0.5253318699999996, 0.06624518053495743, [(1, 1.013636), (0, 0.965952), (3, 0.801289), (457, 0.781654), (324, 0.745031), (446, 0.743126), (8, 0.73548), (357, 0.725293), (467, 0.7237), (9, 0.723444)]]
[0.5150180639999998, 0.06518049082546022, [(0, 1.40303), (5, 0.747753), (464, 0.726824), (298, 0.724102), (433, 0.719705), (361, 0.717031), (490, 0.709366), (408, 0.706632), (269, 0.705352), (10, 0.702303)]]
