[152.261969, 151.691465, 150.045444, 164.294416, 155.073088]
[166.682285, 160.684415, 157.646044, 169.875714, 165.499769]
[148.299144, 148.881749, 155.528631, 147.533752, 153.371945]
[172.97325, 157.15214, 169.732479, 160.274269, 154.823122]
[155.476378, 160.23535, 150.979821, 164.140824, 160.742433]
[156.001724, 147.422057, 160.911971, 159.327428, 164.472858]
[148.80127, 163.48751, 166.744601, 154.777563, 158.506312]
[157.103983, 154.150506, 163.567735, 161.804633, 160.562824]
[158.605742, 150.272946, 159.59543, 163.098479, 161.587354]
[159.100424, 167.277757, 168.746487, 150.941119, 164.537388]
[155.848237, 169.984511, 150.768649, 152.476346, 155.324413]
[164.862697, 166.226769, 156.186173, 149.33355, 154.127046]
[158.995825, 159.319085, 158.138474, 161.784058, 163.677718]
[170.046656, 160.699472, 161.620648, 152.387054, 167.654472]
[150.052291, 153.797681, 157.107844, 158.11436, 164.58179]
[150.769061, 155.599001, 166.046675, 158.640113, 159.081988]
[152.034548, 141.240762, 159.056788, 154.308663, 168.273441]
[162.560733, 166.008536, 159.991764, 142.072955, 158.455708]
[167.904532, 163.38663, 160.159369, 165.669117, 169.562247]
[160.622266, 153.736542, 157.02143, 153.176779, 171.610673]
[164.400586, 147.591314, 159.83011, 155.600826, 156.235632]
[168.18197, 153.014962, 152.07412, 157.198001, 152.321122]
[163.25454, 154.042185, 170.736624, 166.622615, 163.303764]
[158.625318, 163.728312, 154.287287, 174.717665, 151.321388]
[162.368745, 162.535785, 156.11112, 154.996481, 163.150558]
[146.966623, 158.464872, 153.29713, 154.85437, 161.912945]
[150.369314, 159.821915, 141.409941, 152.319001, 167.569462]
[150.997583, 154.034278, 151.255451, 150.860285, 166.161116]
[161.761455, 163.363023, 169.687713, 158.293055, 171.930512]
[156.587406, 151.529364, 149.02004, 151.09237, 156.815023]
