first at GeneralizedLinearAlgorithm.scala:246	count at DataValidators.scala:40	count at GradientDescent.scala:209	treeAggregate at GradientDescent.scala:239
[9.287383, 301.412227, 153.880391, 773.366382]
[8.580975, 303.097413, 142.299067, 820.388227]
[8.630091, 285.706152, 158.008469, 753.6152209999999]
[8.702224, 321.263955, 156.787719, 814.9552600000001]
[8.722574, 313.807766, 160.317216, 791.574806]
[8.501777, 275.957478, 159.855968, 788.136038]
[8.505539, 292.177359, 140.115397, 792.3172559999999]
[11.698555, 289.23286, 168.767639, 797.189681]
[11.51693, 317.064136, 153.134391, 793.159951]
[8.634998, 301.531298, 156.688368, 810.603175]
[8.526729, 293.187845, 168.655486, 784.4021560000001]
[8.684067, 295.093876, 165.191936, 790.7362350000001]
[8.68108, 300.639685, 168.648229, 801.91516]
[8.490061, 302.709646, 153.553887, 812.408302]
[8.417953, 298.028844, 162.033547, 783.6539660000001]
[11.548932, 303.630353, 165.0328, 790.136838]
[8.655464, 305.78834, 155.029813, 774.9142019999999]
[11.792089, 284.614132, 157.02694, 789.0896959999999]
[8.529488, 290.61162, 169.161776, 826.6818949999999]
[11.592673, 305.7101, 158.210309, 796.16769]
[8.416066, 265.903715, 160.554574, 783.658468]
[8.432753, 289.577951, 169.861592, 782.7901750000001]
[8.449622, 300.59307, 163.267574, 817.959728]
[8.508583, 309.634258, 142.149909, 802.6799699999999]
[11.805803, 322.784841, 147.851353, 799.162689]
[8.501048, 318.449297, 142.701561, 775.4959400000001]
[8.519556, 298.341811, 156.365308, 771.4896329999999]
[8.553707, 288.677321, 154.146355, 773.308713]
[8.522717, 288.961911, 157.141287, 825.035758]
[8.709768, 307.758522, 162.824646, 765.0442029999999]
