[154.67327640000002, 5.0763887133106245, [(3, 164.294416), (4, 155.073088), (0, 152.261969), (1, 151.691465), (2, 150.045444)]]
[164.0776454, 4.365860547150749, [(3, 169.875714), (0, 166.682285), (4, 165.499769), (1, 160.684415), (2, 157.646044)]]
[150.72304419999998, 3.1479385276926455, [(2, 155.528631), (4, 153.371945), (1, 148.881749), (0, 148.299144), (3, 147.533752)]]
[162.99105200000002, 7.117302840335882, [(0, 172.97325), (2, 169.732479), (3, 160.274269), (1, 157.15214), (4, 154.823122)]]
[158.3149612, 4.590926402903081, [(3, 164.140824), (4, 160.742433), (1, 160.23535), (0, 155.476378), (2, 150.979821)]]
[157.6272076, 5.784991704473314, [(4, 164.472858), (2, 160.911971), (3, 159.327428), (0, 156.001724), (1, 147.422057)]]
[158.46345119999998, 6.336623126691484, [(2, 166.744601), (1, 163.48751), (4, 158.506312), (3, 154.777563), (0, 148.80127)]]
[159.4379362, 3.3860336706495615, [(2, 163.567735), (3, 161.804633), (4, 160.562824), (0, 157.103983), (1, 154.150506)]]
[158.6319902, 4.460632747596622, [(3, 163.098479), (4, 161.587354), (2, 159.59543), (0, 158.605742), (1, 150.272946)]]
[162.120635, 6.487553769959434, [(2, 168.746487), (1, 167.277757), (4, 164.537388), (0, 159.100424), (3, 150.941119)]]
[156.88043120000003, 6.811070004325438, [(1, 169.984511), (0, 155.848237), (4, 155.324413), (3, 152.476346), (2, 150.768649)]]
[158.14724700000002, 6.450814314064074, [(1, 166.226769), (0, 164.862697), (2, 156.186173), (4, 154.127046), (3, 149.33355)]]
[160.38303200000001, 2.045101307333891, [(4, 163.677718), (3, 161.784058), (1, 159.319085), (0, 158.995825), (2, 158.138474)]]
[162.4816604, 6.161262118983144, [(0, 170.046656), (4, 167.654472), (2, 161.620648), (1, 160.699472), (3, 152.387054)]]
[156.73079320000002, 4.835289318389273, [(4, 164.58179), (3, 158.11436), (2, 157.107844), (1, 153.797681), (0, 150.052291)]]
[158.0273676, 4.9875234602478065, [(2, 166.046675), (4, 159.081988), (3, 158.640113), (1, 155.599001), (0, 150.769061)]]
[154.9828404, 8.84566306559979, [(4, 168.273441), (2, 159.056788), (3, 154.308663), (0, 152.034548), (1, 141.240762)]]
[157.81793919999998, 8.277883301075056, [(1, 166.008536), (0, 162.560733), (2, 159.991764), (4, 158.455708), (3, 142.072955)]]
[165.336379, 3.3216573713909177, [(4, 169.562247), (0, 167.904532), (3, 165.669117), (1, 163.38663), (2, 160.159369)]]
[159.233538, 6.736716599026113, [(4, 171.610673), (0, 160.622266), (2, 157.02143), (1, 153.736542), (3, 153.176779)]]
[156.7316936, 5.540461581897071, [(0, 164.400586), (2, 159.83011), (4, 156.235632), (3, 155.600826), (1, 147.591314)]]
[156.55803500000002, 6.101404971734039, [(0, 168.18197), (3, 157.198001), (1, 153.014962), (4, 152.321122), (2, 152.07412)]]
[163.5919456, 5.506835845425674, [(2, 170.736624), (3, 166.622615), (4, 163.303764), (0, 163.25454), (1, 154.042185)]]
[160.535994, 8.233063491185115, [(3, 174.717665), (1, 163.728312), (0, 158.625318), (2, 154.287287), (4, 151.321388)]]
[159.8325378, 3.520952889438619, [(4, 163.150558), (1, 162.535785), (0, 162.368745), (2, 156.11112), (3, 154.996481)]]
[155.09918800000003, 5.043829410489974, [(4, 161.912945), (1, 158.464872), (3, 154.85437), (2, 153.29713), (0, 146.966623)]]
[154.29792659999998, 8.855488874520804, [(4, 167.569462), (1, 159.821915), (3, 152.319001), (0, 150.369314), (2, 141.409941)]]
[154.6617426, 5.867014033390087, [(4, 166.161116), (1, 154.034278), (2, 151.255451), (0, 150.997583), (3, 150.860285)]]
[165.0071516, 5.062753651407086, [(4, 171.930512), (2, 169.687713), (1, 163.363023), (0, 161.761455), (3, 158.293055)]]
[153.00884059999998, 3.132583457190541, [(4, 156.815023), (0, 156.587406), (1, 151.529364), (3, 151.09237), (2, 149.02004)]]
